data_index Exp_LnRF.observed Exp_LnRF.predicted.repeat1 Exp_LnRF.predicted.repeat2 Exp_LnRF.predicted.repeat3 Exp_LnRF.predicted.repeat4 Exp_LnRF.predicted.repeat5
1 1.000 0.891 0.953 0.851 0.932 1.175
2 0.847 0.953 0.968 0.998 1.069 1.140
3 -0.095 0.015 -0.004 -0.023 -0.018 0.124
4 1.511 1.210 1.149 0.961 1.110 1.004
5 0.842 1.059 0.959 0.896 0.906 0.929
6 2.149 1.842 2.064 2.067 2.210 2.205
7 2.457 2.014 2.267 2.232 1.778 2.184
8 1.114 1.040 1.068 0.995 1.150 0.993
9 0.377 0.691 0.715 0.833 0.823 0.790
10 0.503 0.689 0.692 0.553 0.581 0.635
11 -0.593 0.002 -0.032 0.148 -0.029 -0.002
12 0.855 0.813 0.839 0.844 1.150 0.819
13 0.491 0.535 0.617 0.709 0.559 0.620
14 1.606 2.122 1.699 2.150 2.177 2.084
15 1.720 2.046 1.919 1.900 1.549 1.627
16 0.533 0.803 0.654 0.618 0.641 0.569
17 0.823 1.033 1.040 0.967 0.910 0.984
18 0.838 0.970 0.932 1.036 0.949 1.017
19 -0.411 0.124 0.023 0.354 0.008 0.016
20 1.255 1.126 1.310 1.236 1.008 1.127
21 0.823 0.847 0.965 0.897 0.805 0.742
22 1.878 1.866 1.866 2.033 2.074 2.065
23 2.121 1.987 1.902 1.967 1.678 1.914
24 1.176 1.085 1.059 0.980 0.999 1.049
25 1.402 2.025 2.070 1.854 2.014 2.297
26 1.618 1.947 1.959 1.995 1.935 1.905
27 0.462 1.090 1.443 1.128 0.651 1.212
28 1.936 2.079 1.741 1.863 2.018 1.759
29 1.555 1.529 1.656 1.568 1.599 1.534
30 2.737 1.617 1.811 1.641 1.647 1.624
31 2.838 1.764 1.881 1.815 1.834 1.814
32 1.712 2.052 1.726 2.029 1.889 1.980
33 1.011 1.044 1.153 1.096 1.058 1.263
34 1.024 1.038 1.005 1.104 1.054 1.005
35 -0.020 0.011 0.144 0.164 0.133 0.245
36 1.517 1.305 1.178 1.131 1.138 1.264
37 1.013 0.936 1.006 1.019 0.944 0.954
38 2.216 2.050 2.179 2.095 2.213 2.120
39 2.455 2.220 2.219 2.176 1.849 2.142
40 1.298 1.164 1.093 1.121 1.143 1.100
41 0.049 0.071 0.152 0.261 0.115 0.108
42 -0.068 0.166 0.114 0.100 0.189 0.071
43 -0.874 -0.404 -0.368 -0.214 -0.302 -0.208
44 0.459 0.515 0.513 0.410 0.399 0.465
45 0.380 0.459 0.564 0.266 0.428 0.282
46 1.094 1.279 1.110 0.949 1.419 1.323
47 1.253 1.440 1.501 1.362 1.391 1.207
48 0.025 0.296 0.234 0.242 0.235 0.308
49 1.221 1.138 1.112 1.049 0.992 1.045
50 1.265 1.134 1.143 1.009 0.900 1.050
51 0.191 0.371 0.115 0.630 0.076 0.241
52 1.534 1.355 1.264 1.333 1.354 1.297
53 1.174 1.054 1.110 1.038 0.923 0.912
54 2.423 2.139 2.128 2.133 2.088 2.124
55 2.519 2.059 2.200 2.215 2.287 2.188
56 1.276 1.149 1.270 1.124 1.141 1.181
57 0.191 0.096 0.173 0.291 0.250 0.281
58 0.162 0.123 0.234 0.127 0.179 0.076
59 -0.698 -0.475 -0.294 -0.394 -0.486 -0.348
60 0.536 0.502 0.437 0.423 0.407 0.468
61 0.570 0.338 0.257 0.313 0.378 0.248
62 1.286 0.976 1.417 0.987 0.857 1.113
63 1.349 1.138 1.294 1.037 1.339 1.350
64 0.183 0.282 0.401 0.204 0.235 0.339
