data_index Exp_LnRF.observed Exp_LnRF.predicted.repeat1 Exp_LnRF.predicted.repeat2 Exp_LnRF.predicted.repeat3 Exp_LnRF.predicted.repeat4 Exp_LnRF.predicted.repeat5
1 1.000 0.970 0.876 1.027 1.118 1.038
2 0.847 1.010 0.898 1.036 1.056 0.951
3 -0.095 0.098 -0.067 -0.045 -0.070 0.023
4 1.511 1.399 1.354 1.429 1.436 1.293
5 0.842 1.230 1.183 1.176 1.154 1.189
6 2.149 2.269 2.174 2.261 2.218 2.142
7 2.457 2.235 2.250 2.222 2.247 2.137
8 1.114 1.138 1.140 1.201 0.977 1.004
9 0.377 0.716 0.576 0.640 0.664 0.673
10 0.503 0.597 0.553 0.595 0.540 0.564
11 -0.593 -0.464 -0.442 -0.504 -0.472 -0.450
12 0.855 1.272 1.207 1.212 1.198 1.117
13 0.491 0.689 0.695 0.562 0.593 0.761
14 1.606 1.759 1.730 1.713 1.697 1.714
15 1.720 1.922 1.983 1.915 1.984 2.008
16 0.533 0.746 0.720 0.896 0.645 0.843
17 0.823 0.701 0.762 0.697 0.672 0.778
18 0.838 0.779 0.684 0.665 0.662 0.658
19 -0.411 -0.071 -0.313 -0.276 -0.210 -0.236
20 1.255 1.537 1.328 1.442 1.426 1.476
21 0.823 0.832 0.766 0.944 0.746 0.810
22 1.878 1.893 1.838 1.858 1.925 1.781
23 2.121 1.886 1.972 1.859 1.990 1.996
24 1.176 0.915 0.953 0.999 0.977 0.949
25 1.402 1.414 1.349 1.353 1.483 1.430
26 1.618 1.701 1.617 1.699 1.676 1.563
27 0.462 0.557 0.564 0.412 0.535 0.577
28 1.936 2.128 1.770 2.077 1.664 1.668
29 1.555 1.840 1.760 1.725 1.774 1.775
30 2.737 2.327 2.283 2.345 2.220 2.291
31 2.838 2.541 2.481 2.512 2.352 2.402
32 1.712 1.686 1.592 1.743 1.598 1.594
33 1.011 1.062 1.097 1.256 1.176 1.181
34 1.024 1.262 1.326 1.349 1.305 1.328
35 -0.020 -0.007 0.003 0.028 0.153 0.030
36 1.517 1.392 1.350 1.339 1.332 1.446
37 1.013 1.155 1.209 1.246 1.217 1.245
38 2.216 2.163 2.106 1.998 2.301 2.212
39 2.455 2.190 2.389 2.131 2.264 2.306
40 1.298 1.264 1.334 1.349 1.405 1.404
41 0.049 0.011 -0.075 0.007 -0.051 -0.041
42 -0.068 0.135 0.209 0.195 0.132 0.037
43 -0.874 -0.540 -0.595 -0.429 -0.594 -0.577
44 0.459 0.159 0.179 0.173 0.250 0.149
45 0.380 0.147 0.128 0.271 0.190 0.148
46 1.094 0.818 0.969 0.878 0.828 0.903
47 1.253 1.223 1.262 1.276 1.333 1.155
48 0.025 0.039 0.065 -0.022 0.133 -0.013
49 1.221 1.189 1.228 1.222 1.189 1.223
50 1.265 1.065 1.013 1.002 1.077 1.096
51 0.191 0.336 0.247 0.333 0.231 0.247
52 1.534 1.496 1.439 1.475 1.455 1.473
53 1.174 0.998 0.970 0.934 0.861 0.747
54 2.423 2.221 2.088 2.284 2.194 2.091
55 2.519 2.552 2.575 2.450 2.500 2.567
56 1.276 1.342 1.299 1.367 1.228 1.484
57 0.191 0.078 0.068 0.132 0.062 0.052
58 0.162 0.235 0.236 0.260 0.247 0.143
59 -0.698 -0.709 -0.825 -0.651 -0.641 -0.671
60 0.536 0.653 0.512 0.678 0.681 0.602
61 0.570 0.515 0.529 0.692 0.479 0.500
62 1.286 1.280 1.304 1.153 1.202 1.279
63 1.349 1.497 1.517 1.597 1.509 1.442
64 0.183 0.483 0.454 0.319 0.471 0.478
