data_index Exp_LnRF.observed Exp_LnRF.predicted.repeat1 Exp_LnRF.predicted.repeat2 Exp_LnRF.predicted.repeat3 Exp_LnRF.predicted.repeat4 Exp_LnRF.predicted.repeat5
1 1.000 0.973 0.947 1.146 1.055 0.954
2 0.847 1.161 0.767 1.023 1.085 1.039
3 -0.095 -0.027 0.037 -0.074 0.064 0.002
4 1.511 1.165 1.079 1.336 1.315 1.083
5 0.842 0.873 0.855 0.905 0.953 0.922
6 2.149 1.849 1.974 2.081 1.797 1.984
7 2.457 2.105 2.132 2.085 2.199 2.171
8 1.114 1.062 0.859 0.959 1.177 0.955
9 0.377 0.691 0.818 0.709 0.954 1.008
10 0.503 0.870 0.780 0.732 0.702 0.705
11 -0.593 0.275 0.191 0.326 0.300 0.351
12 0.855 0.695 0.707 0.857 1.093 0.975
13 0.491 0.659 0.617 0.811 0.720 0.757
14 1.606 1.467 2.013 1.915 1.998 1.397
15 1.720 1.637 1.967 1.612 1.653 1.687
16 0.533 0.888 0.772 0.808 0.821 1.097
17 0.823 1.172 1.066 1.131 1.192 1.129
18 0.838 1.086 1.052 1.114 1.049 1.113
19 -0.411 0.348 0.829 0.115 0.212 0.280
20 1.255 1.380 1.137 1.149 1.334 1.317
21 0.823 1.070 1.134 0.998 0.992 0.891
22 1.878 1.738 1.804 1.668 1.912 1.782
23 2.121 1.874 2.129 1.766 1.568 1.766
24 1.176 1.209 1.110 1.113 1.156 1.257
25 1.402 1.489 1.044 1.674 1.225 1.599
26 1.618 1.382 1.369 1.438 1.607 1.437
27 0.462 0.207 0.698 0.848 0.760 1.287
28 1.936 1.465 1.238 1.469 1.404 1.501
29 1.555 1.324 0.942 1.327 1.495 1.188
30 2.737 1.643 1.461 1.818 1.678 1.591
31 2.838 1.875 1.881 1.992 2.081 2.003
32 1.712 1.585 1.637 1.448 1.365 1.578
33 1.011 1.388 1.204 1.178 1.167 1.368
34 1.024 1.311 1.239 1.399 1.115 1.208
35 -0.020 0.351 0.909 0.330 0.399 0.127
36 1.517 1.485 1.248 1.291 1.460 1.434
37 1.013 1.211 1.277 0.951 0.955 1.042
38 2.216 1.799 1.913 1.632 1.833 1.980
39 2.455 1.933 1.819 1.937 1.776 2.021
40 1.298 1.236 1.353 1.320 1.245 1.212
41 0.049 0.201 0.312 0.214 0.428 0.254
42 -0.068 0.062 0.182 0.172 0.203 0.265
43 -0.874 -0.176 -0.254 -0.227 -0.278 -0.272
44 0.459 0.510 0.414 0.459 0.538 0.327
45 0.380 0.314 -0.054 0.466 0.266 0.180
46 1.094 1.120 0.995 0.519 0.909 0.909
47 1.253 1.019 1.498 1.253 1.098 0.946
48 0.025 0.164 0.284 0.247 0.228 0.177
49 1.221 1.343 1.477 1.284 1.324 1.397
50 1.265 1.200 1.191 1.315 1.039 1.216
51 0.191 0.592 0.624 0.588 0.502 1.106
52 1.534 1.531 1.383 1.479 1.435 1.440
53 1.174 1.363 1.103 1.242 1.101 1.450
54 2.423 1.948 1.803 1.748 1.775 1.931
55 2.519 2.055 1.907 2.030 2.069 1.972
56 1.276 1.425 1.287 1.431 1.442 1.409
57 0.191 0.264 0.361 0.290 0.321 0.395
58 0.162 0.135 0.124 0.206 0.145 0.135
59 -0.698 -0.153 -0.417 -0.292 -0.144 -0.111
60 0.536 0.510 0.504 0.472 0.522 0.489
61 0.570 0.263 -0.017 0.211 0.240 0.366
62 1.286 0.706 0.828 0.530 1.025 1.132
63 1.349 1.007 0.930 1.013 0.906 0.986
64 0.183 0.301 0.247 0.235 0.218 0.318
