data_index Exp_LnRF.observed Exp_LnRF.predicted.repeat1 Exp_LnRF.predicted.repeat2 Exp_LnRF.predicted.repeat3 Exp_LnRF.predicted.repeat4 Exp_LnRF.predicted.repeat5
1 1.000 1.209 1.074 1.083 1.090 1.066
2 0.847 1.090 1.083 1.051 1.049 1.045
3 -0.095 -0.103 0.026 0.043 -0.122 -0.087
4 1.511 1.544 1.467 1.392 1.502 1.407
5 0.842 1.050 1.062 0.954 0.982 0.974
6 2.149 2.105 2.086 2.132 2.106 2.107
7 2.457 2.286 2.207 2.245 2.289 2.300
8 1.114 1.176 1.109 1.172 1.157 1.175
9 0.377 0.433 0.438 0.472 0.437 0.461
10 0.503 0.522 0.508 0.495 0.507 0.494
11 -0.593 -0.429 -0.372 -0.464 -0.438 -0.454
12 0.855 0.745 0.837 0.730 0.741 0.772
13 0.491 0.618 0.648 0.630 0.614 0.621
14 1.606 1.556 1.519 1.557 1.556 1.545
15 1.720 1.727 1.728 1.700 1.717 1.741
16 0.533 0.535 0.529 0.576 0.532 0.594
17 0.823 0.923 0.912 0.928 0.912 0.953
18 0.838 0.937 0.821 0.850 0.908 0.857
19 -0.411 -0.094 -0.072 -0.083 -0.111 -0.113
20 1.255 1.399 1.199 1.369 1.327 1.351
21 0.823 0.858 0.932 0.904 0.911 0.862
22 1.878 1.981 1.993 1.946 1.978 1.981
23 2.121 2.204 2.224 2.201 2.196 2.164
24 1.176 0.933 0.847 0.951 0.996 0.954
25 1.402 1.497 1.470 1.536 1.494 1.662
26 1.618 1.530 1.581 1.535 1.536 1.544
27 0.462 0.648 0.676 0.577 0.567 0.797
28 1.936 1.826 1.901 1.795 1.819 1.834
29 1.555 1.683 1.753 1.708 1.685 1.816
30 2.737 2.635 2.598 2.594 2.611 2.777
31 2.838 2.789 2.788 2.762 2.760 2.772
32 1.712 1.592 1.631 1.627 1.604 1.605
33 1.011 1.065 1.062 1.027 1.071 1.046
34 1.024 0.989 0.998 1.001 1.045 1.006
35 -0.020 -0.107 -0.136 -0.140 -0.146 -0.074
36 1.517 1.450 1.464 1.472 1.485 1.409
37 1.013 0.992 0.972 1.035 0.969 0.967
38 2.216 1.998 2.116 2.131 2.126 2.055
39 2.455 2.416 2.295 2.389 2.391 2.426
40 1.298 1.216 1.088 1.179 1.184 1.231
41 0.049 -0.028 -0.073 -0.084 -0.022 -0.052
42 -0.068 0.038 0.043 0.037 0.058 0.005
43 -0.874 -0.669 -0.625 -0.768 -0.766 -0.691
44 0.459 0.396 0.365 0.396 0.385 0.334
45 0.380 0.277 0.308 0.258 0.278 0.257
46 1.094 1.174 1.180 1.162 1.168 1.172
47 1.253 1.350 1.287 1.270 1.272 1.247
48 0.025 0.168 0.108 0.130 0.105 0.132
49 1.221 1.212 1.201 1.175 1.174 1.215
50 1.265 1.069 1.083 1.115 1.057 1.063
51 0.191 0.076 0.282 0.078 -0.047 0.074
52 1.534 1.632 1.584 1.616 1.535 1.634
53 1.174 1.234 1.224 1.186 1.202 1.192
54 2.423 2.144 2.228 2.281 2.157 2.149
55 2.519 2.536 2.428 2.556 2.534 2.558
56 1.276 1.348 1.325 1.326 1.380 1.291
57 0.191 0.152 0.038 0.095 0.168 0.136
58 0.162 0.225 0.203 0.211 0.214 0.137
59 -0.698 -0.599 -0.474 -0.575 -0.601 -0.579
60 0.536 0.544 0.565 0.441 0.555 0.462
61 0.570 0.359 0.335 0.326 0.364 0.381
62 1.286 1.295 1.304 1.290 1.195 1.300
63 1.349 1.510 1.489 1.429 1.538 1.527
64 0.183 0.316 0.307 0.320 0.314 0.320
