data_index Exp_RT.observed Exp_RT.predicted.repeat1 Exp_RT.predicted.repeat2 Exp_RT.predicted.repeat3 Exp_RT.predicted.repeat4 Exp_RT.predicted.repeat5
1 148.000 151.298 162.463 153.999 181.375 150.183
2 132.600 152.780 186.338 174.555 157.077 152.763
3 76.000 125.781 99.703 109.140 119.688 92.030
4 220.200 178.143 179.419 192.340 169.409 175.110
5 132.200 141.564 155.185 151.175 153.366 142.657
6 381.000 288.484 346.064 350.934 349.609 278.934
7 504.400 384.287 435.525 435.686 407.882 453.974
8 161.000 170.061 170.609 153.588 181.916 159.773
9 97.800 134.793 152.166 143.550 142.222 151.669
10 105.600 130.186 141.626 141.555 141.042 146.133
11 61.800 105.464 121.965 102.423 103.848 106.940
12 133.400 169.123 174.334 162.216 144.380 168.060
13 104.800 122.038 151.101 122.930 128.276 129.476
14 238.200 443.095 416.248 463.633 436.655 235.291
15 262.000 404.153 372.062 552.712 471.478 383.344
16 107.600 179.270 164.265 164.133 171.209 176.912
17 130.400 168.128 156.025 161.791 186.457 168.043
18 131.800 153.568 183.219 153.375 169.738 163.588
19 66.200 96.175 102.462 102.565 116.855 92.717
20 179.400 200.368 196.372 182.489 162.713 195.516
21 130.400 137.984 148.374 132.267 139.945 153.363
22 300.000 262.413 353.709 349.498 343.802 294.994
23 371.800 413.380 411.086 414.480 382.798 397.532
24 168.800 166.936 166.905 172.879 159.084 161.868
25 201.600 260.689 243.547 229.102 218.462 234.263
26 240.600 264.229 219.565 188.649 220.326 258.360
27 103.000 191.296 197.503 205.653 198.825 199.566
28 315.600 238.059 232.592 225.450 245.298 230.821
29 228.200 178.268 240.552 241.678 207.676 181.920
30 654.400 238.885 227.927 240.228 235.221 243.280
31 719.800 309.194 303.456 301.458 377.151 363.820
32 260.400 266.832 240.241 220.539 226.140 235.631
33 149.200 158.712 163.750 189.756 221.391 177.898
34 150.600 159.454 184.686 168.940 212.559 175.343
35 78.800 143.348 105.202 112.568 122.922 101.646
36 221.200 188.977 200.839 198.587 181.321 197.728
37 149.400 135.555 177.070 158.338 169.146 154.080
38 404.800 283.874 349.437 319.092 349.832 303.212
39 503.200 420.910 415.615 404.931 422.835 436.840
40 185.600 154.320 180.976 164.075 208.109 161.851
41 81.600 108.826 93.599 115.367 115.839 117.434
42 77.000 105.122 98.733 92.335 95.629 117.946
43 56.400 83.278 78.469 81.646 93.858 91.699
44 102.800 114.154 140.892 113.285 120.559 125.370
45 98.000 101.481 102.296 106.637 105.274 103.233
46 158.600 196.120 200.055 177.138 259.035 300.530
47 179.200 342.269 356.417 512.207 265.259 378.683
48 80.600 148.188 117.726 143.601 148.314 168.942
49 174.800 183.443 199.012 200.108 216.830 215.872
50 180.800 188.538 191.408 206.709 234.273 174.517
51 88.000 161.419 178.760 187.927 168.552 168.590
52 224.400 234.040 237.250 210.029 213.849 242.085
53 168.600 188.811 231.449 219.798 154.440 214.581
54 488.600 320.651 335.481 341.040 327.689 288.428
55 534.000 386.552 450.621 412.307 471.247 498.484
56 182.400 193.607 191.200 172.083 223.066 187.121
57 88.000 110.645 95.386 97.177 108.765 98.607
58 86.600 106.906 104.146 101.529 106.648 101.575
59 59.600 93.141 75.418 88.891 98.475 89.383
60 107.800 119.761 125.332 116.172 123.094 124.656
61 110.200 109.405 106.433 105.943 100.709 99.543
62 183.800 166.108 174.283 211.095 256.311 296.141
63 193.200 294.981 321.836 497.659 281.681 236.193
64 87.600 156.561 131.756 152.351 152.542 174.210
