data_index Exp_LnRF.observed Exp_LnRF.predicted.repeat1 Exp_LnRF.predicted.repeat2 Exp_LnRF.predicted.repeat3 Exp_LnRF.predicted.repeat4 Exp_LnRF.predicted.repeat5
1 1.000 0.883 0.908 0.865 0.925 0.969
2 0.847 1.013 0.964 0.982 0.984 0.959
3 -0.095 -0.122 -0.112 -0.090 -0.073 -0.065
4 1.511 1.372 1.360 1.379 1.380 1.342
5 0.842 1.120 1.075 1.061 1.086 1.080
6 2.149 1.996 2.027 2.050 2.010 2.019
7 2.457 2.310 2.295 2.310 2.300 2.260
8 1.114 1.116 1.145 1.098 1.117 1.135
9 0.377 0.305 0.379 0.268 0.245 0.288
10 0.503 0.519 0.393 0.338 0.428 0.425
11 -0.593 -0.559 -0.563 -0.547 -0.589 -0.612
12 0.855 0.866 0.780 0.764 0.812 0.801
13 0.491 0.665 0.660 0.832 0.873 0.620
14 1.606 1.591 1.392 1.595 1.365 1.605
15 1.720 1.681 1.674 1.717 1.650 1.699
16 0.533 0.715 0.714 0.676 0.745 0.740
17 0.823 0.736 0.722 0.762 0.692 0.729
18 0.838 0.714 0.690 0.728 0.678 0.747
19 -0.411 -0.093 -0.093 -0.118 -0.113 -0.060
20 1.255 1.234 1.192 1.205 1.206 1.193
21 0.823 0.659 0.643 0.702 0.660 0.635
22 1.878 1.779 1.764 1.867 1.814 1.866
23 2.121 2.002 2.072 2.110 2.028 2.072
24 1.176 0.944 1.034 0.941 0.947 0.927
25 1.402 1.527 1.443 1.412 1.455 1.540
26 1.618 1.542 1.589 1.572 1.538 1.546
27 0.462 0.719 0.682 0.705 0.699 0.744
28 1.936 2.085 2.016 2.084 1.999 2.047
29 1.555 1.608 1.689 1.756 1.884 1.604
30 2.737 2.244 2.232 2.314 2.212 2.303
31 2.838 2.612 2.661 2.630 2.613 2.635
32 1.712 1.717 1.742 1.745 1.866 1.752
33 1.011 1.074 1.078 1.055 1.113 1.154
34 1.024 1.123 1.146 1.171 1.109 1.217
35 -0.020 0.020 -0.008 0.011 0.085 0.010
36 1.517 1.586 1.536 1.574 1.553 1.561
37 1.013 1.180 1.113 1.095 1.189 1.130
38 2.216 2.190 2.192 2.221 2.314 2.221
39 2.455 2.188 2.274 2.227 2.206 2.210
40 1.298 1.220 1.260 1.218 1.213 1.318
41 0.049 0.244 0.249 0.312 0.226 0.272
42 -0.068 -0.064 0.035 0.045 -0.016 0.032
43 -0.874 -0.568 -0.574 -0.476 -0.613 -0.569
44 0.459 0.235 0.407 0.380 0.386 0.376
45 0.380 0.014 0.225 0.209 0.214 0.243
46 1.094 1.180 1.301 1.285 1.207 1.195
47 1.253 1.297 1.259 1.270 1.193 1.252
48 0.025 -0.057 0.016 0.011 -0.048 0.096
49 1.221 1.182 1.153 1.128 1.180 1.163
50 1.265 1.134 1.098 1.130 1.086 1.166
51 0.191 0.034 0.010 -0.045 0.014 0.015
52 1.534 1.743 1.725 1.712 1.705 1.648
53 1.174 1.313 1.292 1.248 1.273 1.209
54 2.423 2.262 2.208 2.321 2.322 2.251
55 2.519 2.663 2.611 2.662 2.562 2.597
56 1.276 1.431 1.455 1.496 1.504 1.443
57 0.191 0.125 -0.007 0.124 0.129 0.142
58 0.162 0.242 0.168 0.264 0.258 0.272
59 -0.698 -0.769 -0.730 -0.804 -0.613 -0.782
60 0.536 0.558 0.603 0.613 0.583 0.549
61 0.570 0.311 0.380 0.460 0.479 0.471
62 1.286 1.464 1.426 1.491 1.462 1.435
63 1.349 1.512 1.558 1.482 1.532 1.536
64 0.183 0.256 0.270 0.192 0.246 0.289
