data_index Exp_LnRF.observed Exp_LnRF.predicted.repeat1 Exp_LnRF.predicted.repeat2 Exp_LnRF.predicted.repeat3 Exp_LnRF.predicted.repeat4 Exp_LnRF.predicted.repeat5
1 1.000 1.216 1.068 1.028 1.024 1.038
2 0.847 1.055 1.130 1.137 0.941 1.038
3 -0.095 -0.145 -0.011 -0.032 0.029 0.127
4 1.511 1.262 1.316 1.314 1.248 1.307
5 0.842 0.937 0.940 1.018 0.995 0.998
6 2.149 2.112 2.179 2.247 2.136 2.164
7 2.457 2.194 2.256 2.202 2.128 2.281
8 1.114 1.127 1.124 1.096 1.160 1.121
9 0.377 0.513 0.497 0.434 0.463 0.521
10 0.503 0.496 0.505 0.446 0.553 0.508
11 -0.593 -0.468 -0.462 -0.441 -0.485 -0.423
12 0.855 0.831 0.761 0.806 0.765 0.895
13 0.491 0.496 0.417 0.395 0.505 0.407
14 1.606 1.901 1.466 1.875 1.866 1.850
15 1.720 1.749 1.729 1.649 1.725 1.793
16 0.533 0.677 0.729 0.708 0.696 0.703
17 0.823 1.166 0.889 0.851 1.103 0.828
18 0.838 0.888 0.953 0.847 0.861 0.874
19 -0.411 -0.053 -0.158 -0.079 -0.071 0.025
20 1.255 1.060 1.112 1.203 1.180 1.208
21 0.823 0.636 0.542 0.664 0.631 0.591
22 1.878 1.893 2.005 2.003 1.998 1.936
23 2.121 2.028 2.032 1.979 1.726 1.783
24 1.176 0.953 1.042 1.047 1.056 1.045
25 1.402 1.372 1.460 1.400 1.345 1.426
26 1.618 1.479 1.488 1.527 1.346 1.522
27 0.462 0.592 0.569 0.592 0.585 0.576
28 1.936 1.935 1.873 1.845 1.927 1.853
29 1.555 1.515 1.520 1.491 1.496 1.500
30 2.737 1.755 1.718 1.743 1.722 1.722
31 2.838 2.797 2.804 2.695 2.776 2.783
32 1.712 1.461 1.551 1.533 1.403 1.590
33 1.011 1.429 1.216 1.281 1.292 1.217
34 1.024 1.260 1.239 1.227 1.255 1.240
35 -0.020 -0.064 -0.092 -0.001 0.072 0.255
36 1.517 1.369 1.371 1.492 1.351 1.487
37 1.013 1.044 1.048 1.030 1.108 0.972
38 2.216 2.089 2.001 2.184 2.179 2.133
39 2.455 2.321 2.259 2.334 1.941 2.047
40 1.298 1.293 1.189 1.317 1.329 1.302
41 0.049 -0.024 0.029 -0.022 -0.150 -0.040
42 -0.068 -0.035 -0.034 0.050 -0.035 -0.071
43 -0.874 -0.691 -0.742 -0.616 -0.782 -0.193
44 0.459 0.589 0.685 0.601 0.602 0.667
45 0.380 0.375 0.346 0.335 0.331 0.416
46 1.094 1.275 1.279 1.376 1.418 1.317
47 1.253 1.324 1.272 1.365 1.314 1.329
48 0.025 0.188 0.222 0.164 0.220 0.221
49 1.221 1.241 1.240 1.183 1.148 1.211
50 1.265 1.208 1.156 1.162 1.110 1.162
51 0.191 0.070 0.081 0.186 0.067 0.031
52 1.534 1.719 1.606 1.652 1.709 1.689
53 1.174 1.061 1.065 1.057 1.156 0.990
54 2.423 2.140 2.063 2.226 2.355 2.180
55 2.519 2.413 2.416 2.370 2.487 2.437
56 1.276 1.419 1.444 1.392 1.460 1.457
57 0.191 0.149 0.105 -0.034 -0.015 0.060
58 0.162 -0.014 0.012 -0.012 -0.072 -0.021
59 -0.698 -0.557 -0.560 -0.608 -0.598 -0.001
60 0.536 0.603 0.715 0.598 0.585 0.678
61 0.570 0.458 0.450 0.451 0.532 0.439
62 1.286 1.375 1.376 1.370 1.571 1.367
63 1.349 1.375 1.432 1.330 1.477 1.480
64 0.183 0.307 0.169 0.240 0.247 0.275
