data_index Exp_RT.observed Exp_RT.predicted.repeat1 Exp_RT.predicted.repeat2 Exp_RT.predicted.repeat3 Exp_RT.predicted.repeat4 Exp_RT.predicted.repeat5
1 148.000 170.515 176.180 192.010 145.511 146.685
2 132.600 170.220 179.510 144.528 189.523 162.409
3 76.000 100.074 94.511 100.127 90.927 84.417
4 220.200 159.555 210.337 188.829 173.743 167.363
5 132.200 156.473 149.079 160.217 135.798 184.593
6 381.000 307.740 428.510 382.880 379.640 446.270
7 504.400 454.580 268.035 495.983 261.880 439.230
8 161.000 217.650 195.902 194.994 173.830 188.128
9 97.800 156.898 190.883 177.280 143.868 219.248
10 105.600 167.660 131.477 153.550 110.730 182.958
11 61.800 87.401 86.849 83.918 89.839 83.646
12 133.400 183.453 176.631 191.158 193.239 139.436
13 104.800 152.531 114.248 160.854 129.490 122.353
14 238.200 446.160 254.730 430.340 195.510 498.470
15 262.000 400.530 388.150 495.410 478.820 436.070
16 107.600 172.857 160.183 148.343 129.680 163.310
17 130.400 157.877 212.049 153.262 153.388 142.960
18 131.800 171.654 167.655 137.181 177.670 151.300
19 66.200 101.292 99.761 97.842 88.917 100.930
20 179.400 196.160 176.486 182.941 184.995 151.359
21 130.400 128.934 133.499 134.312 143.244 134.094
22 300.000 302.410 343.080 354.310 300.930 344.740
23 371.800 416.730 263.920 455.470 425.590 379.250
24 168.800 148.165 185.385 163.837 193.790 156.895
25 201.600 274.580 344.260 288.840 333.510 247.627
26 240.600 176.990 181.510 304.980 327.050 219.443
27 103.000 220.443 217.112 259.377 120.935 162.779
28 315.600 269.590 310.947 205.745 295.045 210.363
29 228.200 172.240 182.144 281.874 211.410 198.132
30 654.400 206.726 268.980 279.228 202.650 244.330
31 719.800 431.690 363.920 329.420 258.390 338.910
32 260.400 234.960 373.325 295.290 192.700 338.122
33 149.200 171.778 245.474 231.750 155.619 195.818
34 150.600 182.082 187.259 201.450 165.408 187.695
35 78.800 103.690 101.941 106.866 98.503 94.625
36 221.200 181.615 175.554 190.592 183.786 168.463
37 149.400 156.295 128.601 152.291 157.752 187.975
38 404.800 346.950 375.960 375.920 380.522 368.110
39 503.200 479.540 255.935 393.990 277.759 382.230
40 185.600 186.294 201.177 168.010 157.314 200.344
41 81.600 108.079 125.787 95.886 85.483 107.499
42 77.000 90.412 95.065 102.551 88.599 103.642
43 56.400 91.303 78.420 104.069 82.197 73.085
44 102.800 119.820 113.196 124.354 125.595 126.200
45 98.000 116.953 98.021 104.763 95.127 107.005
46 158.600 334.150 321.680 169.670 165.265 191.100
47 179.200 324.320 219.780 310.160 340.670 310.620
48 80.600 105.715 108.830 96.180 91.094 109.743
49 174.800 210.894 223.835 220.180 166.598 183.505
50 180.800 179.841 202.195 184.152 172.543 168.746
51 88.000 104.290 127.288 84.573 116.500 80.586
52 224.400 193.102 230.125 188.418 199.487 195.301
53 168.600 220.257 176.239 159.720 165.845 183.763
54 488.600 316.250 386.780 333.720 319.660 394.910
55 534.000 465.070 344.315 411.990 291.705 394.050
56 182.400 265.300 171.980 198.586 221.290 202.036
57 88.000 84.667 109.130 108.706 99.316 98.385
58 86.600 98.955 93.049 99.757 113.062 102.630
59 59.600 89.339 90.628 100.957 106.827 73.120
60 107.800 104.285 110.856 106.291 101.074 97.918
61 110.200 118.564 103.776 114.272 91.195 104.150
62 183.800 221.820 193.310 278.430 244.240 267.143
63 193.200 324.070 203.600 449.303 157.497 263.320
64 87.600 110.541 117.830 109.942 99.492 95.042
