data_index Exp_RT.observed Exp_RT.predicted.repeat1 Exp_RT.predicted.repeat2 Exp_RT.predicted.repeat3 Exp_RT.predicted.repeat4 Exp_RT.predicted.repeat5
1 148.000 157.748 138.155 141.982 148.541 134.516
2 132.600 150.028 157.431 168.677 153.629 155.742
3 76.000 115.317 75.271 78.897 72.348 74.778
4 220.200 237.390 217.072 232.048 220.504 247.927
5 132.200 118.158 151.797 138.766 133.883 160.918
6 381.000 347.545 357.429 344.495 356.697 339.059
7 504.400 438.161 415.071 408.688 406.208 345.801
8 161.000 200.349 187.791 196.955 192.193 202.658
9 97.800 24.571 46.821 50.924 30.672 49.875
10 105.600 76.776 58.723 85.585 105.088 87.322
11 61.800 -11.539 76.483 -5.994 -22.961 71.089
12 133.400 178.098 155.611 146.232 136.459 194.996
13 104.800 99.367 104.315 97.817 133.782 99.797
14 238.200 292.226 209.914 311.977 307.604 204.239
15 262.000 251.422 250.639 248.350 250.431 333.945
16 107.600 83.027 121.983 128.046 113.178 131.804
17 130.400 124.742 126.120 131.264 122.950 119.902
18 131.800 114.653 117.904 121.209 109.271 109.783
19 66.200 67.189 48.270 115.183 75.505 87.035
20 179.400 168.662 181.316 167.027 198.172 158.020
21 130.400 67.028 88.242 112.265 102.421 77.096
22 300.000 345.059 337.902 382.662 376.283 378.684
23 371.800 367.610 453.044 393.714 365.496 300.188
24 168.800 145.188 152.572 151.014 152.352 143.094
25 201.600 264.351 255.634 275.013 258.294 256.037
26 240.600 271.290 215.861 243.505 230.432 205.914
27 103.000 226.107 226.235 208.255 249.046 199.999
28 315.600 250.027 273.151 274.753 262.123 271.732
29 228.200 242.858 240.572 249.111 321.008 230.885
30 654.400 291.867 284.215 299.839 305.213 289.967
31 719.800 366.652 392.383 400.248 390.564 415.538
32 260.400 241.894 281.945 289.333 232.533 249.822
33 149.200 165.802 161.993 172.562 169.582 175.301
34 150.600 173.817 156.239 146.992 168.161 153.132
35 78.800 132.237 101.035 105.283 125.562 130.013
36 221.200 225.978 209.001 224.745 236.579 234.233
37 149.400 179.702 182.625 186.894 205.293 217.379
38 404.800 331.188 356.226 322.201 337.466 322.837
39 503.200 407.264 401.001 419.443 405.688 339.714
40 185.600 194.268 183.174 209.605 198.315 168.697
41 81.600 73.915 76.567 78.085 55.143 44.144
42 77.000 106.719 88.271 98.195 94.695 90.268
43 56.400 41.252 18.586 58.868 33.731 39.605
44 102.800 65.100 95.440 83.551 105.352 76.409
45 98.000 81.181 91.439 97.930 86.571 85.271
46 158.600 187.711 181.352 188.667 240.073 189.887
47 179.200 282.124 263.938 192.482 337.462 174.146
48 80.600 92.041 68.075 67.683 77.141 74.922
49 174.800 164.125 174.634 216.291 185.957 177.396
50 180.800 192.399 189.369 218.908 191.432 178.983
51 88.000 169.054 124.980 123.320 128.276 133.604
52 224.400 259.747 257.120 298.208 248.972 264.831
53 168.600 166.554 190.037 184.528 189.878 180.193
54 488.600 338.274 333.921 346.412 347.844 331.582
55 534.000 421.823 415.982 436.182 411.214 418.738
56 182.400 191.023 193.030 230.058 200.748 200.425
57 88.000 82.256 83.032 76.917 59.936 56.310
58 86.600 90.442 82.304 81.914 89.351 100.075
59 59.600 37.027 22.327 43.660 28.907 44.547
60 107.800 69.124 76.725 91.351 89.799 87.006
61 110.200 102.265 109.749 105.537 106.264 124.438
62 183.800 211.963 204.397 197.970 259.353 212.191
63 193.200 300.738 206.174 235.926 352.607 230.785
64 87.600 108.345 85.364 78.154 92.023 102.353
