data_index Exp_RT.observed Exp_RT.predicted.repeat1 Exp_RT.predicted.repeat2 Exp_RT.predicted.repeat3 Exp_RT.predicted.repeat4 Exp_RT.predicted.repeat5
1 148.000 170.850 159.800 176.410 162.835 158.930
2 132.600 141.070 148.790 150.880 151.035 159.980
3 76.000 125.620 99.730 101.272 85.030 104.460
4 220.200 186.750 194.233 212.230 170.209 177.797
5 132.200 262.540 207.520 228.310 204.312 181.237
6 381.000 352.770 339.530 376.150 333.560 319.520
7 504.400 337.300 389.740 449.090 363.210 362.290
8 161.000 222.300 188.453 211.040 153.957 175.988
9 97.800 174.640 138.875 179.420 190.840 210.610
10 105.600 161.030 126.070 167.010 133.370 158.220
11 61.800 84.480 87.422 83.302 86.847 99.210
12 133.400 173.300 182.950 193.160 218.560 229.620
13 104.800 187.060 259.910 139.320 219.980 181.220
14 238.200 324.100 298.620 282.150 280.680 335.580
15 262.000 375.160 349.220 465.000 439.840 260.000
16 107.600 155.440 175.995 166.400 152.548 151.070
17 130.400 164.014 141.453 168.990 155.195 156.350
18 131.800 142.330 200.620 161.538 152.383 157.400
19 66.200 89.300 132.342 81.672 102.988 127.615
20 179.400 263.230 235.470 193.692 226.380 234.140
21 130.400 192.160 171.450 165.314 151.050 225.200
22 300.000 314.920 286.270 339.950 273.950 277.690
23 371.800 340.080 400.350 389.650 366.890 368.950
24 168.800 166.895 170.440 150.500 174.245 172.980
25 201.600 308.630 301.590 271.235 317.120 319.350
26 240.600 244.800 205.333 280.960 260.850 280.030
27 103.000 135.800 149.270 151.023 123.850 123.483
28 315.600 264.530 266.870 257.960 361.450 260.960
29 228.200 211.230 370.293 278.820 295.657 335.870
30 654.400 327.730 464.470 420.720 310.670 397.720
31 719.800 309.720 399.600 445.720 327.830 410.160
32 260.400 226.900 296.590 289.220 251.770 272.698
33 149.200 153.955 206.060 157.560 137.463 165.780
34 150.600 187.020 193.030 161.180 160.125 166.900
35 78.800 101.150 90.000 96.340 99.912 103.060
36 221.200 263.270 195.740 207.070 226.115 207.000
37 149.400 232.040 159.820 215.685 186.720 174.370
38 404.800 353.730 294.410 287.330 348.130 316.340
39 503.200 375.050 359.520 458.850 403.460 410.680
40 185.600 162.870 159.420 166.160 177.397 153.635
41 81.600 93.518 113.780 94.043 99.500 96.447
42 77.000 80.440 93.562 89.916 103.520 90.087
43 56.400 87.760 87.550 83.370 100.760 76.620
44 102.800 114.810 149.160 109.430 108.050 135.670
45 98.000 104.070 105.260 114.670 114.680 114.190
46 158.600 179.557 151.330 162.160 150.390 157.505
47 179.200 202.960 227.470 202.460 182.690 167.605
48 80.600 91.603 107.160 92.787 107.870 91.155
49 174.800 196.195 224.180 193.450 136.103 169.490
50 180.800 151.490 151.920 153.445 140.998 171.290
51 88.000 147.780 116.300 125.130 93.475 80.331
52 224.400 176.510 228.210 208.100 201.830 220.010
53 168.600 122.490 154.102 152.214 162.257 140.630
54 488.600 304.330 329.040 303.240 267.820 289.590
55 534.000 422.060 389.490 391.890 413.920 380.690
56 182.400 192.090 183.370 176.850 206.945 169.370
57 88.000 121.670 105.300 120.290 118.150 107.830
58 86.600 129.400 118.450 98.550 124.150 101.920
59 59.600 120.977 110.420 92.448 104.540 87.055
60 107.800 152.103 143.570 179.890 145.250 141.967
61 110.200 130.505 136.056 124.940 108.620 115.080
62 183.800 180.970 148.552 157.810 177.140 188.320
63 193.200 263.930 261.910 311.380 230.990 219.130
64 87.600 98.690 127.915 125.473 96.160 120.400
