data_index Exp_RT.observed Exp_RT.predicted.repeat1 Exp_RT.predicted.repeat2 Exp_RT.predicted.repeat3 Exp_RT.predicted.repeat4 Exp_RT.predicted.repeat5
1 148.000 138.040 137.808 170.990 147.074 165.459
2 132.600 150.903 180.361 129.269 163.154 144.163
3 76.000 119.897 76.936 82.921 72.642 85.951
4 220.200 222.623 204.296 219.304 205.284 217.949
5 132.200 160.655 143.884 139.416 131.106 127.616
6 381.000 420.002 365.826 418.111 388.221 419.998
7 504.400 336.558 489.471 474.549 449.036 422.764
8 161.000 238.088 241.147 215.477 175.492 230.922
9 97.800 85.943 120.238 87.992 90.458 115.389
10 105.600 121.676 99.626 115.748 118.711 136.728
11 61.800 -47.844 -5.296 -43.052 -37.043 39.997
12 133.400 108.119 90.884 125.820 138.159 155.555
13 104.800 154.452 61.378 153.753 81.579 120.883
14 238.200 378.640 374.465 359.252 383.071 365.622
15 262.000 235.210 266.921 378.651 318.012 426.451
16 107.600 128.013 64.406 75.491 108.059 125.343
17 130.400 120.248 133.239 115.865 117.046 146.378
18 131.800 130.725 128.670 121.879 115.476 120.036
19 66.200 107.751 66.840 80.711 78.712 67.295
20 179.400 185.265 191.068 193.639 184.709 201.567
21 130.400 111.987 116.126 110.481 92.547 103.750
22 300.000 338.501 343.962 321.179 347.430 333.165
23 371.800 338.764 406.512 391.840 334.011 392.124
24 168.800 150.854 146.017 174.989 158.449 155.030
25 201.600 254.956 222.855 236.121 260.879 237.572
26 240.600 242.270 249.362 217.610 276.446 250.143
27 103.000 255.902 179.036 218.146 233.768 171.842
28 315.600 246.190 260.967 294.162 301.200 273.936
29 228.200 297.650 230.379 220.375 225.182 197.216
30 654.400 254.842 247.883 235.411 248.141 270.129
31 719.800 374.955 424.319 503.402 408.514 410.461
32 260.400 292.037 288.125 286.597 310.807 282.517
33 149.200 172.692 207.357 205.560 203.982 196.920
34 150.600 181.296 172.220 180.977 187.419 176.478
35 78.800 138.235 89.626 88.423 106.019 86.073
36 221.200 237.346 244.775 240.104 195.092 245.594
37 149.400 145.542 159.191 170.755 179.608 172.114
38 404.800 351.316 372.329 309.984 357.647 304.441
39 503.200 419.364 424.863 408.230 386.316 409.265
40 185.600 200.349 208.949 217.508 209.912 184.083
41 81.600 64.355 75.189 39.580 60.090 70.530
42 77.000 77.402 81.229 72.058 64.045 73.735
43 56.400 53.621 50.538 74.037 54.273 52.383
44 102.800 113.399 116.634 114.534 115.906 119.436
45 98.000 86.238 72.933 107.174 89.058 77.651
46 158.600 195.749 194.799 256.182 209.063 260.042
47 179.200 215.690 354.380 343.801 212.137 305.083
48 80.600 69.246 70.565 71.162 72.887 41.521
49 174.800 189.119 211.458 204.570 150.448 168.738
50 180.800 179.290 174.525 175.019 174.606 171.662
51 88.000 170.339 90.345 102.205 134.331 155.275
52 224.400 261.683 257.592 258.636 257.913 269.941
53 168.600 198.853 193.353 187.188 204.653 218.741
54 488.600 362.919 361.988 324.014 352.362 322.217
55 534.000 330.938 455.212 454.658 446.742 447.331
56 182.400 254.924 249.010 229.273 222.296 240.083
57 88.000 98.994 96.616 49.937 82.516 87.147
58 86.600 87.440 77.413 81.732 82.649 76.736
59 59.600 72.873 72.551 58.230 52.196 72.516
60 107.800 103.924 103.895 95.217 97.178 98.575
61 110.200 112.427 112.466 114.550 112.236 112.120
62 183.800 172.034 175.358 252.028 166.874 269.280
63 193.200 229.556 363.680 358.318 215.115 225.733
64 87.600 95.295 78.835 81.103 79.949 43.867
