data_index Exp_RT.observed Exp_RT.predicted.repeat1 Exp_RT.predicted.repeat2 Exp_RT.predicted.repeat3 Exp_RT.predicted.repeat4 Exp_RT.predicted.repeat5
1 148.000 168.813 166.735 167.481 160.691 149.050
2 132.600 168.528 174.040 145.302 156.908 173.511
3 76.000 136.166 119.912 126.823 130.266 111.274
4 220.200 224.231 171.862 197.862 168.153 173.427
5 132.200 200.558 172.234 202.738 172.001 148.601
6 381.000 279.003 280.555 308.153 335.260 256.772
7 504.400 309.641 284.885 338.068 344.608 320.198
8 161.000 166.068 168.376 178.990 152.679 153.047
9 97.800 152.922 139.737 150.800 126.470 134.426
10 105.600 138.681 113.587 147.806 139.796 142.867
11 61.800 109.096 95.599 97.807 100.602 98.027
12 133.400 191.750 199.263 216.033 192.345 175.847
13 104.800 174.343 213.980 168.236 167.433 141.818
14 238.200 238.823 351.072 317.613 368.517 332.889
15 262.000 465.872 360.136 401.760 378.024 438.978
16 107.600 139.835 148.328 138.341 112.802 133.873
17 130.400 159.950 187.758 200.182 176.884 152.641
18 131.800 181.142 201.144 206.577 222.650 182.743
19 66.200 105.376 119.964 127.252 108.184 114.258
20 179.400 179.369 176.065 225.176 211.155 188.877
21 130.400 193.027 239.389 181.729 206.950 185.178
22 300.000 379.896 314.438 323.077 341.336 230.225
23 371.800 350.885 329.655 376.411 370.208 355.290
24 168.800 135.266 176.300 174.784 152.917 163.060
25 201.600 254.469 269.370 243.149 229.904 220.129
26 240.600 215.553 265.443 206.578 227.954 256.095
27 103.000 213.213 256.667 203.109 163.983 221.361
28 315.600 236.352 296.504 255.896 196.875 239.564
29 228.200 198.105 316.376 216.979 249.228 205.661
30 654.400 265.660 278.018 283.304 284.139 277.216
31 719.800 301.758 327.429 319.097 296.212 337.880
32 260.400 271.354 257.217 252.746 178.933 192.212
33 149.200 180.547 184.856 190.791 184.161 178.471
34 150.600 187.333 210.460 182.598 215.468 188.631
35 78.800 117.200 130.070 105.552 110.630 125.027
36 221.200 217.174 204.285 189.624 188.931 194.874
37 149.400 213.596 182.866 204.823 165.084 200.902
38 404.800 352.076 369.751 370.586 362.222 356.908
39 503.200 434.000 364.541 299.768 363.569 405.972
40 185.600 160.057 186.649 158.252 158.670 186.017
41 81.600 114.733 96.265 122.464 114.027 104.563
42 77.000 105.629 106.379 112.068 116.563 90.777
43 56.400 75.216 80.393 74.978 82.928 82.540
44 102.800 146.650 123.268 169.076 133.019 128.388
45 98.000 122.374 145.986 126.901 117.328 125.535
46 158.600 228.526 326.284 243.832 271.528 253.208
47 179.200 331.164 279.380 331.140 332.702 256.972
48 80.600 109.737 104.514 107.131 127.760 102.545
49 174.800 178.102 171.232 193.307 169.840 203.890
50 180.800 189.163 159.369 207.182 167.854 155.453
51 88.000 120.964 150.816 155.622 170.860 178.540
52 224.400 202.003 217.645 202.679 210.308 281.577
53 168.600 246.053 196.093 213.444 246.973 209.568
54 488.600 299.449 327.360 299.687 281.333 314.352
55 534.000 409.256 334.523 317.822 389.471 339.953
56 182.400 183.532 178.950 195.568 179.876 228.889
57 88.000 110.704 102.794 128.480 121.981 107.213
58 86.600 114.424 111.102 116.339 133.639 109.700
59 59.600 82.022 83.239 72.679 87.453 77.077
60 107.800 174.863 131.353 162.983 150.229 151.638
61 110.200 137.070 165.957 128.836 128.037 132.325
62 183.800 283.633 304.868 222.104 269.880 255.794
63 193.200 378.692 310.797 264.403 357.026 286.016
64 87.600 98.234 106.837 114.315 149.555 122.805
