data_index Exp_LnRF.observed Exp_LnRF.predicted.repeat1 Exp_LnRF.predicted.repeat2 Exp_LnRF.predicted.repeat3 Exp_LnRF.predicted.repeat4 Exp_LnRF.predicted.repeat5
1 1.000 1.034 1.043 1.042 1.045 1.209
2 0.847 1.100 1.079 1.071 1.081 1.095
3 -0.095 -0.001 -0.104 -0.151 -0.110 -0.078
4 1.511 1.429 1.322 1.379 1.487 1.385
5 0.842 1.048 0.965 0.940 0.933 0.950
6 2.149 2.080 2.088 2.014 1.899 2.079
7 2.457 2.224 2.171 2.205 2.214 2.189
8 1.114 1.060 1.093 1.115 1.088 1.126
9 0.377 0.430 0.416 0.419 0.439 0.407
10 0.503 0.438 0.530 0.456 0.546 0.458
11 -0.593 -0.465 -0.465 -0.409 -0.450 -0.439
12 0.855 0.772 0.816 0.741 0.875 0.840
13 0.491 0.640 0.628 0.564 0.501 0.651
14 1.606 1.550 1.591 1.548 1.523 1.612
15 1.720 1.719 1.741 1.655 1.684 1.725
16 0.533 0.609 0.572 0.538 0.546 0.509
17 0.823 0.949 0.848 0.967 0.935 0.973
18 0.838 0.961 0.812 0.899 0.884 0.911
19 -0.411 -0.082 -0.057 -0.071 -0.072 -0.073
20 1.255 1.325 1.333 1.370 1.358 1.347
21 0.823 0.854 0.873 0.885 0.901 0.889
22 1.878 1.941 1.933 1.949 1.948 1.947
23 2.121 2.180 2.188 2.287 2.258 2.259
24 1.176 0.998 0.943 0.913 0.921 0.952
25 1.402 1.494 1.479 1.483 1.629 1.638
26 1.618 1.513 1.545 1.531 1.525 1.567
27 0.462 0.588 0.561 0.576 0.772 0.779
28 1.936 1.914 1.819 1.805 1.831 1.820
29 1.555 1.670 1.678 1.670 1.678 1.837
30 2.737 2.599 2.626 2.631 2.598 2.594
31 2.838 2.831 2.832 2.814 2.692 2.666
32 1.712 1.587 1.597 1.606 1.656 1.605
33 1.011 1.057 1.102 1.054 1.075 1.086
34 1.024 1.081 1.033 1.109 1.131 1.165
35 -0.020 -0.144 -0.159 -0.177 0.035 0.067
36 1.517 1.507 1.438 1.557 1.506 1.466
37 1.013 0.842 0.985 0.977 1.013 1.006
38 2.216 2.097 2.098 2.066 1.940 2.033
39 2.455 2.442 2.296 2.446 2.422 2.394
40 1.298 1.228 1.236 1.231 1.207 1.229
41 0.049 -0.063 -0.027 -0.011 -0.049 -0.038
42 -0.068 0.034 0.118 0.086 0.082 0.071
43 -0.874 -0.889 -0.853 -0.707 -0.852 -0.739
44 0.459 0.379 0.371 0.424 0.370 0.375
45 0.380 -0.028 -0.030 0.034 0.020 0.016
46 1.094 1.149 1.159 1.159 1.147 1.223
47 1.253 1.238 1.285 1.359 1.239 1.234
48 0.025 0.124 0.128 0.135 0.154 0.092
49 1.221 1.177 1.177 1.126 0.700 1.172
50 1.265 1.027 1.142 1.110 0.658 0.966
