data_index Exp_LnRF.observed Exp_LnRF.predicted.repeat1 Exp_LnRF.predicted.repeat2 Exp_LnRF.predicted.repeat3 Exp_LnRF.predicted.repeat4 Exp_LnRF.predicted.repeat5
1 1.000 1.019 1.015 0.957 0.952 0.956
2 0.847 1.046 0.940 0.931 0.950 0.978
3 -0.095 -0.141 -0.157 -0.133 -0.111 -0.135
4 1.511 1.457 1.425 1.419 1.404 1.333
5 0.842 1.148 1.082 1.078 1.102 1.085
6 2.149 1.924 1.997 2.126 2.017 1.992
7 2.457 2.213 2.224 2.219 2.225 2.293
8 1.114 1.238 1.211 1.041 1.211 1.211
9 0.377 0.436 0.438 0.457 0.394 0.384
10 0.503 0.417 0.434 0.415 0.423 0.412
11 -0.593 -0.570 -0.517 -0.579 -0.617 -0.590
12 0.855 0.874 0.777 0.844 0.873 0.783
13 0.491 0.730 0.657 0.662 0.668 0.603
14 1.606 1.505 1.573 1.505 1.582 1.518
15 1.720 1.784 1.799 1.766 1.704 1.683
16 0.533 0.621 0.550 0.563 0.521 0.493
17 0.823 0.820 0.845 0.829 0.655 0.906
18 0.838 0.810 0.835 0.805 0.806 0.841
19 -0.411 -0.163 -0.060 -0.113 -0.118 -0.032
20 1.255 1.294 1.324 1.290 1.318 1.284
21 0.823 0.930 0.856 0.869 0.930 0.975
22 1.878 1.873 2.029 1.976 1.824 1.973
23 2.121 2.195 2.219 2.229 2.106 2.291
24 1.176 0.816 0.812 0.844 0.799 0.853
25 1.402 1.557 1.486 1.532 1.504 1.466
26 1.618 1.481 1.515 1.495 1.565 1.482
27 0.462 0.555 0.534 0.483 0.483 0.479
28 1.936 1.911 1.891 1.948 1.854 1.923
29 1.555 1.723 1.672 1.722 1.722 1.721
30 2.737 2.571 2.586 2.569 2.569 2.571
31 2.838 2.848 2.827 2.772 2.805 2.813
32 1.712 1.620 1.630 1.626 1.638 1.640
33 1.011 0.974 0.971 0.955 0.971 0.970
34 1.024 1.103 1.008 0.985 0.992 1.023
35 -0.020 -0.010 -0.083 0.044 -0.091 -0.099
36 1.517 1.409 1.457 1.409 1.402 1.410
37 1.013 1.143 1.020 1.030 1.106 1.034
38 2.216 2.095 2.219 2.145 2.161 2.084
39 2.455 2.318 2.348 2.348 2.505 2.524
40 1.298 1.273 1.145 1.201 1.209 1.140
41 0.049 -0.031 -0.056 -0.037 -0.055 -0.038
42 -0.068 0.064 0.063 0.053 0.072 0.073
43 -0.874 -0.972 -0.975 -0.952 -0.926 -1.068
44 0.459 0.459 0.321 0.321 0.322 0.313
45 0.380 0.229 0.106 0.244 0.174 0.236
46 1.094 1.212 1.262 1.227 1.157 1.218
47 1.253 1.259 1.257 1.310 1.312 1.418
48 0.025 0.088 0.159 0.092 0.093 0.094
49 1.221 1.142 1.145 1.134 1.118 1.194
50 1.265 1.169 1.160 1.163 1.186 1.140
51 0.191 0.137 0.076 0.061 0.067 0.078
52 1.534 1.665 1.605 1.581 1.585 1.554
53 1.174 1.216 1.187 1.217 1.216 1.321
54 2.423 2.236 2.292 2.292 2.305 2.310
55 2.519 2.466 2.421 2.420 2.442 2.517
56 1.276 1.385 1.353 1.377 1.391 1.364
57 0.191 0.143 0.163 0.174 0.139 0.139
58 0.162 0.221 0.159 0.224 0.222 0.174
59 -0.698 -0.879 -0.713 -0.784 -0.736 -0.901
60 0.536 0.648 0.546 0.511 0.511 0.567
61 0.570 0.374 0.282 0.416 0.417 0.419
62 1.286 1.384 1.424 1.384 1.418 1.385
63 1.349 1.527 1.477 1.510 1.582 1.610
64 0.183 0.278 0.300 0.316 0.262 0.266
