data_index Exp_LnRF.observed Exp_LnRF.predicted.repeat1 Exp_LnRF.predicted.repeat2 Exp_LnRF.predicted.repeat3 Exp_LnRF.predicted.repeat4 Exp_LnRF.predicted.repeat5
1 1.000 0.982 0.974 1.004 1.109 1.018
2 0.847 1.082 1.109 1.145 1.119 1.090
3 -0.095 0.077 -0.091 0.044 0.094 -0.008
4 1.511 1.336 1.271 1.302 1.329 1.318
5 0.842 1.008 1.133 1.092 1.061 1.054
6 2.149 2.225 2.179 2.257 2.133 2.017
7 2.457 2.320 2.336 2.372 2.260 2.296
8 1.114 1.153 1.100 1.201 1.114 1.079
9 0.377 0.785 0.743 0.692 0.769 0.643
10 0.503 0.867 0.556 0.620 0.537 0.676
11 -0.593 -0.218 -0.154 -0.282 -0.107 -0.203
12 0.855 0.637 0.859 0.821 0.628 0.882
13 0.491 0.812 0.743 0.580 0.729 0.633
14 1.606 1.813 2.040 1.989 1.934 1.925
15 1.720 2.191 2.176 2.254 2.199 2.240
16 0.533 0.620 0.683 0.742 0.735 0.721
17 0.823 1.027 0.952 0.953 1.103 0.965
18 0.838 1.020 0.975 0.958 1.091 0.998
19 -0.411 -0.007 0.082 -0.022 0.041 0.001
20 1.255 1.162 1.168 1.169 1.286 1.114
21 0.823 1.012 0.991 0.958 0.885 0.944
22 1.878 2.124 2.048 2.046 2.067 2.082
23 2.121 2.135 2.083 1.979 2.052 2.177
24 1.176 0.914 0.992 1.031 0.948 1.023
25 1.402 1.829 1.845 1.878 1.815 1.872
26 1.618 1.987 1.833 2.157 2.004 1.959
27 0.462 0.999 0.981 0.776 0.898 1.093
28 1.936 1.845 1.728 1.979 1.843 1.789
29 1.555 1.844 1.774 2.074 1.891 1.838
30 2.737 2.077 1.910 1.659 2.007 1.938
31 2.838 1.934 1.934 1.673 1.994 1.918
32 1.712 1.897 1.799 1.642 1.828 1.876
33 1.011 1.112 1.091 1.091 1.190 1.008
34 1.024 1.088 1.058 1.059 1.111 1.051
35 -0.020 -0.096 -0.145 0.042 -0.144 -0.115
36 1.517 1.318 1.363 1.260 1.327 1.280
37 1.013 1.006 1.053 1.062 0.971 1.012
38 2.216 2.218 2.182 2.213 2.128 2.050
39 2.455 2.222 2.281 2.238 2.280 2.280
40 1.298 1.081 1.084 1.079 1.082 1.098
41 0.049 0.095 0.023 0.165 0.047 0.104
42 -0.068 0.138 0.082 0.093 0.036 0.094
43 -0.874 -0.355 -0.342 -0.322 -0.361 -0.017
44 0.459 0.332 0.175 0.312 0.275 0.171
45 0.380 0.174 0.164 0.192 0.100 0.221
46 1.094 1.303 1.112 1.192 1.336 1.153
47 1.253 0.911 0.957 0.996 0.940 0.900
48 0.025 0.186 0.026 0.133 0.076 0.094
49 1.221 1.132 1.032 1.152 1.112 1.056
50 1.265 0.831 0.740 0.890 0.465 0.787
51 0.191 -0.111 -0.170 -0.140 -0.146 -0.056
52 1.534 1.389 1.349 1.342 1.338 1.328
53 1.174 1.082 1.065 1.039 1.122 1.051
54 2.423 2.084 1.974 2.041 2.061 2.134
55 2.519 1.733 1.681 1.784 1.692 1.688
56 1.276 0.889 0.872 0.855 0.492 0.833
57 0.191 0.260 0.251 0.290 0.211 0.185
58 0.162 0.175 0.198 0.160 0.114 0.194
59 -0.698 -0.279 -0.284 -0.313 -0.208 0.094
60 0.536 0.295 0.223 0.357 0.375 0.249
61 0.570 0.225 0.314 0.290 0.268 0.258
62 1.286 1.342 1.141 1.169 1.211 1.214
63 1.349 0.994 1.038 1.033 1.015 1.062
64 0.183 0.237 0.209 0.142 0.156 0.153
