data_index Exp_LnRF.observed Exp_LnRF.predicted.repeat1 Exp_LnRF.predicted.repeat2 Exp_LnRF.predicted.repeat3 Exp_LnRF.predicted.repeat4 Exp_LnRF.predicted.repeat5
1 1.000 1.003 1.000 1.020 1.009 0.988
2 0.847 1.144 1.079 1.050 1.185 1.149
3 -0.095 -0.142 0.064 -0.045 0.090 0.083
4 1.511 1.197 1.297 1.225 1.393 1.288
5 0.842 1.010 1.109 0.989 1.146 1.008
6 2.149 2.138 2.067 2.195 2.057 2.170
7 2.457 2.251 2.378 2.274 2.338 2.227
8 1.114 1.232 1.158 1.064 1.309 1.010
9 0.377 0.394 0.400 0.379 0.426 0.448
10 0.503 0.364 0.277 0.328 0.269 0.308
11 -0.593 -0.503 -0.553 -0.488 -0.498 -0.568
12 0.855 0.809 0.755 0.916 0.805 0.814
13 0.491 0.417 0.488 0.463 0.444 0.501
14 1.606 2.007 1.712 1.712 1.751 1.634
15 1.720 1.731 1.916 1.861 1.925 1.946
16 0.533 0.840 0.778 0.830 0.838 0.725
17 0.823 0.784 0.854 0.846 0.804 0.820
18 0.838 0.792 0.823 0.855 0.828 0.964
19 -0.411 -0.155 -0.086 -0.164 0.133 0.094
20 1.255 1.254 1.199 1.341 1.232 1.367
21 0.823 0.863 0.937 0.760 0.849 0.690
22 1.878 1.835 1.935 1.876 1.813 1.680
23 2.121 1.894 1.994 2.010 1.931 1.938
24 1.176 0.989 1.016 1.060 0.981 0.883
25 1.402 1.554 1.593 1.626 1.602 1.507
26 1.618 1.464 1.423 1.470 1.385 1.383
27 0.462 0.510 0.369 0.682 0.412 0.626
28 1.936 1.977 1.995 1.964 1.922 1.887
29 1.555 1.568 1.663 1.571 1.576 1.566
30 2.737 1.952 1.893 2.016 2.046 1.826
31 2.838 2.634 2.725 2.805 2.746 2.581
32 1.712 1.626 1.573 1.533 1.660 1.558
33 1.011 1.087 1.103 1.093 1.137 1.133
34 1.024 1.211 1.241 1.166 1.264 1.272
35 -0.020 -0.082 -0.114 -0.117 0.305 0.362
36 1.517 1.495 1.465 1.375 1.542 1.512
37 1.013 1.065 1.146 1.119 1.269 1.223
38 2.216 2.260 2.216 2.194 2.195 2.286
39 2.455 2.164 2.290 2.259 2.226 2.155
40 1.298 1.216 1.166 0.989 1.123 1.161
41 0.049 0.132 0.151 0.159 0.257 0.214
42 -0.068 -0.017 0.064 -0.029 0.048 -0.098
43 -0.874 -0.630 -0.587 -0.505 -0.553 -0.646
44 0.459 0.414 0.509 0.548 0.499 0.486
45 0.380 0.076 0.132 0.086 0.162 0.168
46 1.094 1.669 1.282 1.361 1.278 1.415
47 1.253 1.005 0.942 0.890 1.059 1.060
48 0.025 -0.010 0.013 -0.057 0.067 -0.074
49 1.221 1.232 1.040 1.226 1.091 1.170
50 1.265 1.458 1.165 1.493 1.216 1.170
51 0.191 0.067 0.245 0.186 0.110 0.085
52 1.534 1.532 1.561 1.450 1.668 1.510
53 1.174 1.240 1.140 1.243 1.289 1.212
54 2.423 2.193 2.206 2.306 2.153 2.244
55 2.519 2.442 2.499 2.496 2.649 2.388
56 1.276 1.602 1.447 1.568 1.564 1.462
57 0.191 0.277 0.284 0.171 0.378 0.235
58 0.162 0.228 0.171 0.149 0.230 0.162
59 -0.698 -0.684 -0.849 -0.764 -0.796 -0.744
60 0.536 0.688 0.530 0.732 0.751 0.529
61 0.570 0.350 0.491 0.370 0.531 0.429
62 1.286 1.861 1.440 1.548 1.380 1.599
63 1.349 1.450 1.300 1.207 1.347 1.391
64 0.183 0.302 0.221 0.247 0.338 0.183
