data_index Exp_RT.observed Exp_RT.predicted.repeat1 Exp_RT.predicted.repeat2 Exp_RT.predicted.repeat3 Exp_RT.predicted.repeat4 Exp_RT.predicted.repeat5
1 148.000 170.299 185.098 135.192 124.699 114.253
2 132.600 201.097 220.097 176.498 189.198 182.298
3 76.000 51.501 60.898 60.698 55.100 51.500
4 220.200 194.901 175.902 185.902 194.900 194.701
5 132.200 156.301 126.702 177.003 98.099 146.902
6 381.000 440.619 426.552 476.899 462.472 377.701
7 504.400 406.361 485.503 506.902 319.654 507.100
8 161.000 197.791 221.498 171.393 205.693 161.698
9 97.800 23.299 66.500 137.322 19.700 48.701
10 105.600 50.101 -22.103 88.904 58.699 116.322
11 61.800 -27.100 48.499 -0.278 21.897 24.100
12 133.400 180.700 174.281 180.701 180.500 180.700
13 104.800 118.099 93.101 50.098 124.299 97.174
14 238.200 165.699 396.643 165.499 165.701 165.501
15 262.000 469.299 468.501 436.506 450.899 469.300
16 107.600 173.698 169.260 146.793 156.671 400.103
17 130.400 113.902 143.298 24.502 136.068 113.901
18 131.800 120.902 115.215 66.377 114.796 138.401
19 66.200 59.699 80.499 59.700 59.699 54.423
20 179.400 191.502 160.541 89.900 123.005 202.100
21 130.400 140.498 137.101 183.369 137.101 124.297
22 300.000 218.855 211.173 400.452 386.415 217.214
23 371.800 484.100 484.100 464.298 400.629 450.816
24 168.800 172.699 295.103 55.100 146.702 459.301
25 201.600 232.700 275.901 272.523 279.900 279.900
26 240.600 232.101 247.120 221.607 287.500 258.701
27 103.000 243.700 196.899 185.094 203.098 183.501
28 315.600 256.501 256.501 249.207 237.301 256.700
29 228.200 239.700 246.319 220.806 286.901 297.411
30 654.400 357.989 377.646 319.995 293.977 348.713
31 719.800 543.703 385.300 588.102 418.854 552.102
32 260.400 230.299 102.497 242.101 245.917 265.100
33 149.200 172.299 178.676 169.864 172.499 172.501
34 150.600 192.512 175.974 197.577 213.073 190.686
35 78.800 85.301 99.699 32.431 91.165 73.224
36 221.200 198.300 227.675 224.662 218.498 231.784
37 149.400 142.900 142.899 143.099 145.563 136.898
38 404.800 390.301 408.300 479.699 459.565 463.786
39 503.200 407.098 390.901 390.900 419.629 390.899
40 185.600 173.098 191.675 182.863 168.267 239.899
41 81.600 74.301 50.077 80.901 145.054 80.899
42 77.000 57.251 73.404 81.196 77.001 63.853
43 56.400 84.230 2.844 12.966 2.572 30.472
44 102.800 121.617 142.380 131.933 141.789 177.283
45 98.000 25.499 -133.243 25.300 -47.623 25.100
46 158.600 286.301 243.099 286.102 97.378 231.301
47 179.200 402.957 186.699 393.392 187.099 186.699
48 80.600 80.900 80.901 80.900 81.300 80.900
49 174.800 275.440 189.498 164.592 177.300 154.498
50 180.800 162.699 247.159 238.237 162.900 161.922
51 88.000 162.701 125.499 112.299 125.701 97.699
52 224.400 340.841 249.700 215.702 248.705 246.901
53 168.600 239.700 138.703 144.100 158.507 144.301
54 488.600 393.100 393.101 407.901 414.100 417.300
55 534.000 508.901 531.100 508.700 509.707 531.101
56 182.400 177.594 266.959 258.038 186.316 205.501
57 88.000 88.700 60.807 95.300 152.253 85.985
58 86.600 66.781 93.306 84.006 71.448 72.537
59 59.600 70.404 33.639 120.681 144.028 97.667
60 107.800 89.722 96.215 83.630 131.291 98.781
61 110.200 132.784 121.474 184.911 129.739 216.373
62 183.800 141.916 238.549 279.462 181.701 214.102
63 193.200 409.558 185.899 399.992 185.900 183.584
64 87.600 94.300 87.101 94.300 87.100 84.785
