data_index Exp_RT.observed Exp_RT.predicted.repeat1 Exp_RT.predicted.repeat2 Exp_RT.predicted.repeat3 Exp_RT.predicted.repeat4 Exp_RT.predicted.repeat5
1 148.000 151.241 168.384 160.190 168.955 158.463
2 132.600 158.532 143.188 148.840 168.134 142.677
3 76.000 97.959 93.729 98.443 104.719 106.380
4 220.200 217.856 211.927 222.468 225.209 231.820
5 132.200 193.156 227.002 213.520 223.729 196.268
6 381.000 391.769 420.210 393.581 320.216 356.430
7 504.400 416.806 401.672 415.156 411.957 438.270
8 161.000 186.014 170.857 157.895 172.656 161.603
9 97.800 96.545 94.090 128.253 96.276 104.554
10 105.600 94.769 115.871 99.568 91.638 104.266
11 61.800 64.725 64.278 58.404 53.036 61.263
12 133.400 128.817 119.850 138.263 182.723 189.133
13 104.800 88.315 75.400 80.797 110.880 80.926
14 238.200 362.520 405.533 275.326 363.201 366.570
15 262.000 333.994 369.349 357.444 508.442 465.321
16 107.600 116.819 113.532 106.038 119.905 121.344
17 130.400 110.127 111.800 124.736 108.719 108.240
18 131.800 113.375 113.829 115.067 106.990 84.932
19 66.200 70.376 68.974 58.011 65.467 66.271
20 179.400 225.147 216.724 219.282 213.985 209.530
21 130.400 127.496 122.010 111.908 124.349 120.773
22 300.000 323.019 354.980 341.495 333.325 340.073
23 371.800 332.899 406.608 419.312 414.856 378.583
24 168.800 138.778 136.790 137.703 135.871 132.220
25 201.600 213.160 255.542 255.027 267.131 228.930
26 240.600 282.780 287.089 287.124 269.291 271.233
27 103.000 120.698 129.214 124.522 114.870 114.688
28 315.600 238.353 364.554 363.078 351.351 353.155
29 228.200 219.597 363.460 358.897 300.519 207.730
30 654.400 315.153 412.875 431.763 398.685 315.641
31 719.800 394.894 498.720 497.449 460.588 369.714
32 260.400 273.370 274.121 262.115 274.655 276.581
33 149.200 158.651 198.504 160.159 159.361 166.212
34 150.600 195.705 219.847 198.011 199.074 197.028
35 78.800 83.528 76.260 81.034 80.329 84.315
36 221.200 173.225 157.910 170.892 192.560 195.399
37 149.400 188.256 199.314 196.011 191.179 180.475
38 404.800 362.874 369.190 403.491 362.195 402.709
39 503.200 394.017 427.629 433.347 437.880 449.675
40 185.600 197.803 222.548 199.098 187.957 193.046
41 81.600 71.315 39.328 68.059 62.650 54.328
42 77.000 78.164 81.963 85.373 82.962 71.172
43 56.400 85.270 92.474 70.911 86.629 86.834
44 102.800 85.364 71.740 72.925 69.780 65.956
45 98.000 94.548 91.556 84.284 78.653 93.100
46 158.600 142.841 141.060 163.666 127.787 141.909
47 179.200 150.642 203.078 159.036 189.824 145.686
48 80.600 68.000 78.302 72.243 77.233 66.994
49 174.800 206.734 220.966 195.147 186.657 201.303
50 180.800 158.144 147.656 149.828 145.136 144.760
51 88.000 99.431 81.349 92.516 98.247 92.510
52 224.400 231.940 223.410 229.401 223.579 234.746
53 168.600 143.522 159.659 143.620 194.985 162.911
54 488.600 357.292 354.512 372.891 339.819 371.041
55 534.000 522.704 523.594 519.033 502.487 522.752
56 182.400 198.008 213.054 189.931 192.913 187.444
57 88.000 65.638 52.204 58.198 58.564 64.927
58 86.600 86.197 94.886 95.517 96.886 97.402
59 59.600 46.558 41.853 39.946 50.629 51.256
60 107.800 89.663 105.233 108.826 94.368 108.482
61 110.200 79.173 83.517 94.643 85.427 99.288
62 183.800 204.508 182.977 221.314 180.798 189.805
63 193.200 229.802 303.493 288.839 306.436 302.437
64 87.600 99.940 92.545 93.446 96.962 97.707
