data_index Exp_LnRF.observed Exp_LnRF.predicted.repeat1 Exp_LnRF.predicted.repeat2 Exp_LnRF.predicted.repeat3 Exp_LnRF.predicted.repeat4 Exp_LnRF.predicted.repeat5
1 1.000 1.204 1.319 1.139 1.094 1.105
2 0.847 1.163 1.208 1.273 1.246 1.125
3 -0.095 0.440 0.414 0.038 0.279 0.127
4 1.511 1.277 1.317 1.270 1.422 1.317
5 0.842 1.264 1.263 1.137 1.264 1.324
6 2.149 2.091 2.230 2.311 2.224 1.973
7 2.457 2.210 2.105 2.085 2.298 2.164
8 1.114 1.555 1.320 1.220 1.316 1.296
9 0.377 0.607 0.749 0.722 0.630 0.711
10 0.503 0.794 0.787 0.628 0.609 0.608
11 -0.593 0.060 -0.074 0.082 -0.021 0.091
12 0.855 0.649 0.613 0.665 0.772 0.674
13 0.491 0.637 0.647 0.734 0.788 0.722
14 1.606 2.207 1.946 2.117 2.092 2.075
15 1.720 1.850 1.683 1.836 1.734 1.623
16 0.533 0.909 0.681 0.719 0.685 0.691
17 0.823 1.073 1.167 0.937 1.069 1.070
18 0.838 1.088 1.114 1.061 1.085 1.096
19 -0.411 -0.017 0.071 0.189 -0.003 0.191
20 1.255 0.932 1.137 1.143 1.141 1.098
21 0.823 1.003 0.908 0.960 0.921 0.949
22 1.878 1.626 1.925 1.870 1.785 1.783
23 2.121 1.667 1.727 1.726 1.798 1.835
24 1.176 1.171 1.089 1.050 1.054 1.022
25 1.402 1.929 2.141 1.953 1.898 1.831
26 1.618 1.553 2.105 1.686 1.682 1.730
27 0.462 0.552 0.980 0.155 0.161 0.452
28 1.936 1.527 1.445 1.542 1.552 1.433
29 1.555 2.088 1.801 1.673 1.909 1.589
30 2.737 1.544 1.553 1.676 1.611 1.629
31 2.838 1.776 1.955 1.957 2.042 2.119
32 1.712 1.819 1.667 1.775 1.625 1.570
33 1.011 1.099 1.225 1.048 1.104 1.156
34 1.024 1.184 1.175 1.305 1.076 1.119
35 -0.020 0.407 0.470 0.193 0.145 0.122
36 1.517 1.325 1.373 1.305 1.363 1.329
37 1.013 1.150 1.220 1.096 1.182 1.348
38 2.216 1.805 1.886 2.039 1.970 2.067
39 2.455 2.214 2.117 2.231 2.196 2.223
40 1.298 1.529 1.224 1.166 1.170 1.135
41 0.049 0.278 0.305 0.310 0.158 0.404
42 -0.068 0.213 0.348 0.337 0.197 0.176
43 -0.874 -0.351 -0.276 -0.230 -0.408 -0.159
44 0.459 0.483 0.509 0.407 0.469 0.485
45 0.380 0.293 0.115 0.387 0.281 0.412
46 1.094 0.624 1.199 0.679 0.534 0.841
47 1.253 0.757 0.505 0.959 0.809 0.642
48 0.025 0.051 0.358 0.148 0.135 0.312
49 1.221 1.284 1.128 1.225 1.123 1.247
50 1.265 1.091 1.204 1.042 1.178 1.126
51 0.191 0.433 0.430 0.168 0.020 0.089
52 1.534 1.396 1.327 1.380 1.351 1.338
53 1.174 1.347 1.287 1.208 1.111 1.155
54 2.423 1.968 1.894 2.029 2.065 1.984
55 2.519 2.254 2.078 2.025 2.183 2.229
56 1.276 1.698 1.368 1.315 1.323 1.387
57 0.191 0.334 0.341 0.309 0.352 0.299
58 0.162 0.244 0.477 0.338 0.310 0.305
59 -0.698 -0.287 -0.078 -0.167 -0.194 -0.284
60 0.536 0.405 0.448 0.466 0.438 0.418
61 0.570 0.556 0.272 0.511 0.504 0.561
62 1.286 1.064 1.113 0.830 0.985 0.826
63 1.349 0.735 0.616 0.817 0.825 0.765
64 0.183 0.187 0.523 0.303 0.201 0.268
