data_index Exp_LnRF.observed Exp_LnRF.predicted.repeat1 Exp_LnRF.predicted.repeat2 Exp_LnRF.predicted.repeat3 Exp_LnRF.predicted.repeat4 Exp_LnRF.predicted.repeat5
1 1.000 1.018 1.002 1.054 0.932 0.995
2 0.847 1.158 1.157 1.214 1.139 1.116
3 -0.095 -0.296 -0.299 -0.289 -0.198 -0.235
4 1.511 1.345 1.412 1.353 1.375 1.367
5 0.842 0.940 0.904 0.902 0.882 1.046
6 2.149 2.023 2.006 2.054 2.025 2.061
7 2.457 2.355 2.342 2.299 2.369 2.280
8 1.114 1.318 1.191 1.178 1.173 1.226
9 0.377 0.412 0.428 0.504 0.419 0.465
10 0.503 0.185 0.401 0.610 0.482 0.509
11 -0.593 -0.582 -0.439 -0.589 -0.531 -0.514
12 0.855 0.638 0.859 0.895 0.805 0.741
13 0.491 0.619 0.709 0.573 0.553 0.673
14 1.606 1.922 1.443 1.852 1.559 1.588
15 1.720 1.585 1.743 1.767 1.754 1.763
16 0.533 0.890 0.964 0.932 0.945 1.016
17 0.823 0.649 0.688 0.727 0.603 0.636
18 0.838 0.803 0.748 0.796 0.740 0.850
19 -0.411 -0.260 -0.216 -0.257 -0.255 -0.272
20 1.255 1.101 1.136 1.150 1.097 1.084
21 0.823 0.838 0.811 0.866 0.780 0.798
22 1.878 1.964 2.017 2.065 2.005 1.958
23 2.121 1.989 1.943 1.706 1.707 1.908
24 1.176 1.131 1.365 1.191 1.147 1.325
25 1.402 1.575 1.477 1.584 1.534 1.526
26 1.618 1.217 1.475 1.599 1.461 1.445
27 0.462 0.543 0.541 0.682 0.518 0.558
28 1.936 1.674 1.868 1.789 1.872 1.829
29 1.555 1.578 1.425 1.558 1.646 1.646
30 2.737 1.948 2.016 2.103 2.010 2.028
31 2.838 2.633 2.787 2.867 2.741 2.811
32 1.712 1.464 1.554 1.525 1.455 1.610
33 1.011 1.022 0.978 1.019 1.079 1.058
34 1.024 1.196 1.180 1.250 1.057 1.203
35 -0.020 0.093 0.011 0.060 -0.015 0.124
36 1.517 1.480 1.440 1.487 1.487 1.461
37 1.013 1.177 1.211 1.169 1.174 1.137
38 2.216 2.151 2.273 2.225 2.220 2.256
39 2.455 2.255 2.208 2.075 1.999 2.208
40 1.298 1.328 1.220 1.239 1.265 1.329
41 0.049 0.141 0.234 0.207 0.283 0.269
42 -0.068 -0.124 0.090 -0.036 -0.005 0.042
43 -0.874 -0.561 -0.473 -0.097 -0.447 -0.389
44 0.459 0.529 0.647 0.488 0.480 0.639
45 0.380 -0.278 0.018 -0.091 -0.016 -0.101
46 1.094 1.157 1.602 1.630 1.241 1.361
47 1.253 1.296 1.278 1.129 1.217 1.162
48 0.025 -0.094 -0.050 -0.101 -0.144 -0.024
49 1.221 1.098 1.108 1.082 1.100 1.162
50 1.265 1.293 1.356 1.350 1.310 1.281
51 0.191 0.079 0.067 0.071 0.133 0.117
52 1.534 1.718 1.745 1.606 1.688 1.572
53 1.174 1.246 1.220 1.270 1.186 1.334
54 2.423 2.213 2.265 2.286 2.319 2.325
55 2.519 2.644 2.452 2.568 2.578 2.553
56 1.276 1.494 1.442 1.471 1.466 1.454
57 0.191 0.344 0.350 0.275 0.350 0.260
58 0.162 0.123 0.162 0.192 0.169 0.124
59 -0.698 -0.754 -0.700 -0.232 -0.797 -0.849
60 0.536 0.747 0.527 0.619 0.672 0.685
61 0.570 -0.058 0.065 0.108 0.093 0.243
62 1.286 1.484 1.751 1.749 1.493 1.450
63 1.349 1.345 1.280 1.314 1.343 1.360
64 0.183 0.080 0.097 0.011 -0.012 0.068
