data_index Exp_RT.observed Exp_RT.predicted.repeat1 Exp_RT.predicted.repeat2 Exp_RT.predicted.repeat3 Exp_RT.predicted.repeat4 Exp_RT.predicted.repeat5
1 148.000 142.566 144.396 148.178 144.360 143.469
2 132.600 142.532 142.529 143.524 138.323 142.871
3 76.000 77.628 78.259 78.612 75.662 75.779
4 220.200 200.584 210.674 203.474 206.313 197.263
5 132.200 151.175 141.094 145.727 155.382 178.629
6 381.000 383.028 385.927 366.402 378.628 327.603
7 504.400 426.708 411.452 429.541 456.382 434.215
8 161.000 154.531 151.351 150.698 143.661 150.991
9 97.800 93.391 86.289 94.813 87.228 84.144
10 105.600 106.093 103.823 112.334 115.247 116.959
11 61.800 58.123 54.991 60.778 56.271 57.784
12 133.400 126.075 133.919 135.979 131.769 123.024
13 104.800 88.481 82.576 84.532 90.334 105.736
14 238.200 241.051 262.765 249.813 269.623 271.358
15 262.000 311.724 313.798 289.210 299.616 315.932
16 107.600 128.633 133.434 126.887 139.083 131.573
17 130.400 114.532 121.297 123.228 122.467 122.015
18 131.800 131.889 126.845 127.209 129.080 130.792
19 66.200 74.734 79.733 73.703 78.786 77.603
20 179.400 166.854 186.213 178.812 188.792 177.981
21 130.400 116.706 112.841 120.021 127.519 123.890
22 300.000 344.842 346.991 346.281 345.765 323.052
23 371.800 387.145 384.553 396.871 386.639 408.472
24 168.800 148.113 142.438 149.278 142.651 143.580
25 201.600 282.584 263.455 288.751 265.445 241.651
26 240.600 227.396 222.643 227.278 225.215 226.664
27 103.000 121.605 123.334 136.813 122.448 118.408
28 315.600 341.322 348.982 357.217 383.778 360.791
29 228.200 271.622 268.340 264.988 259.023 256.683
30 654.400 649.279 650.608 611.023 604.236 620.346
31 719.800 784.434 880.998 700.725 767.338 803.720
32 260.400 217.046 218.821 241.954 217.420 219.777
33 149.200 158.372 162.472 163.501 156.926 164.190
34 150.600 153.514 153.745 147.786 144.111 154.962
35 78.800 76.871 84.490 80.601 87.719 88.073
36 221.200 215.348 229.826 217.268 218.039 226.561
37 149.400 161.571 163.959 162.548 173.758 189.860
38 404.800 386.402 408.181 376.733 371.786 375.737
39 503.200 492.271 466.441 461.738 489.559 495.771
40 185.600 158.309 158.825 155.332 163.881 157.299
41 81.600 78.271 70.446 80.758 66.153 72.664
42 77.000 89.957 88.315 103.247 77.292 84.020
43 56.400 44.288 37.049 32.323 32.298 43.614
44 102.800 88.682 91.517 90.103 86.977 82.133
45 98.000 79.715 37.709 54.045 77.378 79.032
46 158.600 190.920 185.632 206.725 204.599 180.096
47 179.200 189.206 197.847 217.683 216.497 187.565
48 80.600 104.899 95.920 127.853 91.236 95.665
49 174.800 183.945 202.938 189.563 199.024 192.327
50 180.800 150.627 141.018 151.734 158.448 146.194
51 88.000 109.657 109.329 98.377 98.709 98.835
52 224.400 246.977 245.627 254.772 252.470 247.289
53 168.600 197.951 231.730 196.657 231.063 246.747
54 488.600 370.480 351.992 369.956 349.729 330.259
55 534.000 478.311 466.321 473.524 468.523 484.526
56 182.400 159.308 152.455 157.392 149.019 167.095
57 88.000 79.427 84.465 80.263 76.631 83.161
58 86.600 87.125 93.366 106.486 87.687 86.384
59 59.600 57.829 57.271 47.548 48.912 56.118
60 107.800 98.427 100.859 107.385 111.071 90.659
61 110.200 88.809 62.475 73.333 91.938 87.778
62 183.800 194.531 198.751 186.429 201.749 188.298
63 193.200 220.705 225.712 220.140 223.916 218.546
64 87.600 102.583 99.908 126.589 104.926 102.927
