data_index Exp_RT.observed Exp_RT.predicted.repeat1 Exp_RT.predicted.repeat2 Exp_RT.predicted.repeat3 Exp_RT.predicted.repeat4 Exp_RT.predicted.repeat5
1 148.000 150.372 154.199 133.724 155.078 153.557
2 132.600 139.261 138.635 139.529 142.848 135.747
3 76.000 73.417 71.017 76.135 69.810 73.235
4 220.200 201.619 198.048 189.728 199.341 194.620
5 132.200 153.348 150.323 149.979 150.052 157.091
6 381.000 403.864 390.948 426.250 413.727 430.960
7 504.400 408.126 475.579 466.905 412.217 473.727
8 161.000 166.550 164.442 164.984 167.283 165.485
9 97.800 77.347 73.998 68.355 73.761 75.094
10 105.600 95.892 98.151 106.944 97.181 100.695
11 61.800 74.286 66.129 67.189 67.622 68.447
12 133.400 123.912 119.069 126.395 114.766 108.123
13 104.800 100.732 106.861 110.179 105.646 102.592
14 238.200 216.487 218.504 232.613 201.237 259.826
15 262.000 330.026 323.647 327.689 294.864 329.185
16 107.600 117.877 119.108 119.011 116.305 124.486
17 130.400 145.549 124.922 120.864 134.207 116.207
18 131.800 136.865 125.544 141.287 145.245 134.413
19 66.200 71.283 69.954 70.692 70.576 72.600
20 179.400 197.612 203.747 195.484 211.963 186.939
21 130.400 117.489 126.056 114.650 122.490 121.776
22 300.000 329.276 302.800 315.664 311.110 324.661
23 371.800 405.510 395.758 390.364 413.668 416.667
24 168.800 156.289 153.159 157.095 159.032 153.905
25 201.600 206.916 225.119 144.445 231.501 244.321
26 240.600 229.204 208.557 233.519 231.086 245.804
27 103.000 91.091 101.617 119.253 96.788 107.705
28 315.600 319.070 307.077 312.787 299.839 278.088
29 228.200 251.983 259.565 259.412 243.247 255.355
30 654.400 566.904 658.356 551.757 583.970 628.285
31 719.800 635.048 706.503 556.637 631.415 644.035
32 260.400 247.798 257.384 221.168 245.659 277.391
33 149.200 166.016 164.573 158.271 160.166 154.283
34 150.600 149.510 148.005 151.199 148.618 155.023
35 78.800 80.217 78.544 73.371 81.227 77.981
36 221.200 220.627 221.600 196.808 234.196 207.718
37 149.400 151.771 142.383 141.433 140.355 140.415
38 404.800 409.253 393.112 387.483 370.538 403.513
39 503.200 509.062 499.813 499.903 509.593 528.596
40 185.600 185.876 183.104 184.194 174.301 184.844
41 81.600 84.046 77.238 80.248 79.823 79.809
42 77.000 81.829 79.033 77.276 79.854 78.913
43 56.400 69.246 49.122 48.548 45.930 47.214
44 102.800 99.017 99.380 99.730 98.225 105.799
45 98.000 106.688 102.134 100.548 101.185 101.375
46 158.600 188.667 195.470 218.338 182.906 167.100
47 179.200 177.020 176.116 157.981 165.855 168.325
48 80.600 82.565 80.177 83.590 79.272 79.507
49 174.800 185.931 185.894 191.229 189.566 184.609
50 180.800 158.989 144.820 161.730 141.095 163.380
51 88.000 98.294 95.973 96.145 94.003 95.286
52 224.400 218.583 230.007 215.404 225.044 232.782
53 168.600 173.106 173.210 168.683 171.794 175.841
54 488.600 428.863 430.392 423.067 421.109 437.391
55 534.000 418.462 478.879 475.225 428.061 478.183
56 182.400 179.541 155.975 181.762 148.321 179.918
57 88.000 88.097 85.351 83.055 84.660 83.366
58 86.600 81.434 85.868 86.405 87.175 87.330
59 59.600 77.497 67.951 67.280 68.487 67.276
60 107.800 114.482 113.757 112.808 113.947 114.496
61 110.200 97.611 98.829 97.997 98.430 97.811
62 183.800 163.630 180.462 224.521 171.368 181.818
63 193.200 225.081 212.574 206.688 207.393 210.132
64 87.600 87.398 86.701 91.343 85.755 88.415
