data_index Exp_LnRF.observed Exp_LnRF.predicted.repeat1 Exp_LnRF.predicted.repeat2 Exp_LnRF.predicted.repeat3 Exp_LnRF.predicted.repeat4 Exp_LnRF.predicted.repeat5
1 1.000 0.792 0.636 0.600 0.580 0.902
2 0.847 0.837 0.922 0.992 0.990 0.926
3 -0.095 0.054 -0.045 0.058 -0.113 0.221
4 1.511 1.036 1.157 1.336 1.080 1.285
5 0.842 1.254 1.247 1.121 1.217 1.189
6 2.149 2.103 2.124 2.127 2.101 1.901
7 2.457 2.163 2.300 2.145 2.101 2.160
8 1.114 0.957 1.118 1.159 1.233 1.250
9 0.377 0.572 0.591 0.738 0.811 0.698
10 0.503 0.734 0.710 0.888 0.913 0.891
11 -0.593 0.282 0.159 0.237 0.152 0.257
12 0.855 1.027 0.808 0.870 1.202 0.813
13 0.491 1.154 1.123 1.093 1.075 1.150
14 1.606 1.456 1.289 1.526 1.791 1.731
15 1.720 2.139 1.902 1.936 1.934 1.763
16 0.533 0.877 0.845 0.901 1.079 0.790
17 0.823 0.689 0.522 0.738 0.315 0.915
18 0.838 0.917 0.969 0.943 0.417 0.848
19 -0.411 0.336 0.273 0.055 0.211 0.269
20 1.255 1.121 1.168 1.048 1.148 1.177
21 0.823 0.846 0.988 0.933 0.795 0.921
22 1.878 1.391 1.256 1.430 1.430 1.506
23 2.121 1.643 1.567 1.767 1.443 1.591
24 1.176 1.002 1.154 0.893 0.577 1.022
25 1.402 1.476 0.897 1.312 1.629 1.319
26 1.618 1.511 1.804 1.659 1.845 1.733
27 0.462 0.362 0.965 1.110 0.110 0.355
28 1.936 1.831 1.927 2.061 1.836 1.858
29 1.555 1.366 1.386 1.949 1.407 1.743
30 2.737 1.866 1.839 1.902 1.693 1.670
31 2.838 1.846 1.913 1.871 2.082 1.868
32 1.712 2.241 1.796 2.072 2.046 1.893
33 1.011 1.055 1.041 0.885 1.179 1.092
34 1.024 1.245 1.231 1.350 1.145 1.152
35 -0.020 0.008 0.327 -0.010 0.271 0.394
36 1.517 1.630 1.426 1.472 1.288 1.556
37 1.013 1.495 1.340 1.310 1.165 1.479
38 2.216 1.865 2.137 2.007 2.002 1.697
39 2.455 1.886 2.039 1.945 1.932 1.941
40 1.298 1.394 1.390 1.419 1.243 1.301
41 0.049 0.150 0.270 0.178 0.314 0.255
42 -0.068 0.200 0.265 0.211 0.324 0.302
43 -0.874 -0.310 -0.323 -0.304 -0.358 -0.266
44 0.459 0.269 0.362 0.474 0.319 0.234
45 0.380 0.659 0.611 0.578 0.453 0.742
46 1.094 0.958 0.545 1.018 0.921 0.924
47 1.253 1.227 1.279 1.043 1.156 1.037
48 0.025 0.210 0.230 0.189 0.253 0.250
49 1.221 0.902 0.962 0.937 0.783 1.020
50 1.265 1.077 1.046 1.093 1.113 1.027
51 0.191 -0.107 -0.023 -0.010 -0.056 -0.080
52 1.534 1.496 1.339 1.447 1.473 1.398
53 1.174 1.104 1.094 1.161 1.086 1.141
54 2.423 1.731 1.752 1.860 1.732 1.729
55 2.519 2.244 2.224 2.267 2.237 2.219
56 1.276 1.310 1.320 1.255 1.404 1.292
57 0.191 0.239 0.213 0.247 0.252 0.287
58 0.162 0.422 0.395 0.512 0.624 0.465
59 -0.698 -0.417 -0.389 -0.448 -0.342 -0.384
60 0.536 0.599 0.484 0.578 0.457 0.680
61 0.570 0.672 0.715 0.699 0.634 0.707
62 1.286 1.455 1.079 1.272 1.308 1.150
63 1.349 1.646 1.275 1.472 1.625 1.595
64 0.183 0.602 0.561 0.474 0.615 0.382
