data_index Exp_RT.observed Exp_RT.predicted.repeat1 Exp_RT.predicted.repeat2 Exp_RT.predicted.repeat3 Exp_RT.predicted.repeat4 Exp_RT.predicted.repeat5
1 148.000 138.192 135.823 160.071 145.819 141.243
2 132.600 177.575 175.027 168.222 155.777 168.157
3 76.000 63.669 87.069 103.410 70.922 73.445
4 220.200 249.047 232.147 255.717 242.293 230.274
5 132.200 155.439 174.403 180.592 152.852 162.647
6 381.000 360.085 378.687 377.630 381.641 371.923
7 504.400 426.566 435.271 439.666 389.879 429.592
8 161.000 197.092 199.573 198.464 196.625 155.822
9 97.800 98.675 97.068 55.841 108.508 51.958
10 105.600 57.187 63.470 57.753 52.582 64.806
11 61.800 30.278 -39.831 -4.854 18.601 -80.975
12 133.400 156.493 151.081 156.401 92.595 127.416
13 104.800 93.124 123.311 98.288 96.023 155.480
14 238.200 328.289 350.288 237.925 346.919 355.547
15 262.000 422.771 365.797 330.779 291.128 443.755
16 107.600 133.956 131.528 132.517 127.291 127.004
17 130.400 142.847 139.493 136.620 143.511 133.258
18 131.800 88.697 110.672 96.623 95.968 89.562
19 66.200 78.708 83.034 114.697 98.341 88.257
20 179.400 199.935 180.264 186.267 190.646 192.948
21 130.400 115.142 92.146 99.549 96.609 84.304
22 300.000 338.816 322.914 319.523 331.442 328.512
23 371.800 427.422 410.342 429.530 314.725 364.863
24 168.800 183.836 177.963 179.511 191.965 137.330
25 201.600 218.292 208.486 210.034 208.730 248.470
26 240.600 234.865 266.565 244.975 237.742 273.340
27 103.000 208.014 237.376 199.938 200.838 234.894
28 315.600 304.600 332.972 292.468 273.696 285.193
29 228.200 298.645 291.446 303.722 317.122 253.008
30 654.400 346.395 353.108 362.327 331.051 396.614
31 719.800 386.455 405.646 393.272 399.161 392.361
32 260.400 288.993 260.894 222.156 227.439 267.900
33 149.200 167.017 186.300 171.905 167.786 172.986
34 150.600 185.632 201.798 196.390 184.074 195.931
35 78.800 84.044 91.696 122.138 96.715 75.217
36 221.200 259.417 293.181 268.310 248.570 227.018
37 149.400 150.721 193.268 180.455 196.348 136.821
38 404.800 350.852 401.481 383.105 357.267 360.075
39 503.200 384.024 454.816 392.115 345.068 390.598
40 185.600 164.377 223.707 219.439 190.778 200.626
41 81.600 68.030 93.834 108.865 92.746 75.489
42 77.000 44.032 44.686 62.203 59.459 61.424
43 56.400 22.400 53.619 58.646 46.063 53.030
44 102.800 77.182 88.517 77.143 70.614 85.584
45 98.000 59.941 -12.313 60.938 37.062 56.007
46 158.600 198.619 222.730 196.237 191.918 262.677
47 179.200 336.080 355.661 363.402 264.791 400.401
48 80.600 46.103 37.495 36.863 34.876 37.322
49 174.800 161.207 161.813 174.800 171.075 158.177
50 180.800 186.562 195.637 179.608 177.153 208.824
51 88.000 103.506 101.037 136.751 98.885 113.872
52 224.400 256.513 256.841 264.260 270.838 233.190
53 168.600 222.849 231.410 221.590 242.725 221.374
54 488.600 386.342 392.822 392.612 387.489 395.288
55 534.000 455.378 480.735 492.366 494.265 472.776
56 182.400 229.042 258.575 222.855 226.577 236.688
57 88.000 66.078 59.842 74.822 66.129 60.618
58 86.600 56.588 79.525 87.321 91.449 83.179
59 59.600 9.112 39.549 21.319 35.372 34.727
60 107.800 77.111 95.532 96.376 78.455 131.656
61 110.200 35.040 10.829 72.446 60.985 60.589
62 183.800 223.868 243.470 230.591 251.104 279.618
63 193.200 260.011 375.784 387.328 283.353 423.609
64 87.600 48.010 56.900 45.777 66.791 53.342
