data_index Exp_RT.observed Exp_RT.predicted.repeat1 Exp_RT.predicted.repeat2 Exp_RT.predicted.repeat3 Exp_RT.predicted.repeat4 Exp_RT.predicted.repeat5
1 148.000 153.019 149.397 153.492 151.131 149.591
2 132.600 150.815 157.797 160.772 158.027 167.292
3 76.000 78.621 89.379 112.075 108.605 86.912
4 220.200 190.173 165.830 182.307 176.612 170.935
5 132.200 147.197 164.832 152.728 157.232 164.494
6 381.000 405.306 391.120 279.045 284.910 264.227
7 504.400 502.472 484.043 493.064 499.877 518.855
8 161.000 167.592 167.204 166.414 158.338 152.376
9 97.800 122.242 134.290 125.462 128.260 120.964
10 105.600 132.763 118.325 128.151 136.282 138.266
11 61.800 81.023 82.140 80.644 85.479 80.790
12 133.400 151.861 145.017 129.702 153.866 153.035
13 104.800 134.133 120.276 116.480 122.516 116.541
14 238.200 327.469 345.513 324.585 308.978 301.312
15 262.000 509.458 542.194 495.741 482.436 554.472
16 107.600 145.069 139.569 126.647 127.800 132.784
17 130.400 148.775 149.867 157.604 150.636 144.637
18 131.800 152.144 151.820 149.099 157.224 147.543
19 66.200 86.053 82.412 110.395 90.039 81.299
20 179.400 167.059 193.329 161.130 177.273 188.057
21 130.400 144.723 144.231 143.349 146.584 138.687
22 300.000 370.585 334.758 353.294 370.057 359.266
23 371.800 404.012 389.472 394.577 419.318 517.105
24 168.800 153.045 138.447 151.194 147.723 157.216
25 201.600 330.631 363.023 289.867 342.000 236.409
26 240.600 392.934 264.917 330.437 368.954 275.428
27 103.000 139.634 127.528 121.230 125.413 138.128
28 315.600 272.401 328.020 350.521 351.253 251.923
29 228.200 361.907 360.333 336.416 239.879 301.390
30 654.400 285.181 419.581 419.354 428.502 442.636
31 719.800 283.473 371.816 409.478 319.528 371.219
32 260.400 249.241 321.403 356.125 242.003 318.360
33 149.200 152.787 151.018 166.022 153.419 155.765
34 150.600 166.919 155.879 158.762 160.072 171.990
35 78.800 90.337 103.584 84.192 113.289 85.735
36 221.200 188.086 187.844 190.784 186.366 171.290
37 149.400 155.613 149.891 157.204 150.502 174.123
38 404.800 340.636 382.210 283.832 283.561 272.531
39 503.200 424.503 470.365 441.895 481.600 455.343
40 185.600 157.528 162.546 164.904 162.356 159.819
41 81.600 83.175 87.195 93.262 86.117 82.682
42 77.000 86.566 85.272 99.896 84.101 81.598
43 56.400 73.397 74.395 73.075 74.208 75.728
44 102.800 96.949 95.386 94.435 96.467 94.222
45 98.000 94.315 94.009 96.855 88.439 93.703
46 158.600 162.288 160.223 172.277 177.649 187.221
47 179.200 173.012 156.396 182.200 139.497 130.604
48 80.600 85.509 87.307 89.670 88.385 88.863
49 174.800 173.589 182.536 161.835 167.698 175.142
50 180.800 158.693 160.949 156.953 161.539 158.027
51 88.000 95.051 113.209 124.482 123.601 99.771
52 224.400 195.601 185.571 196.176 187.698 195.727
53 168.600 163.321 181.086 168.777 166.888 174.261
54 488.600 338.811 345.757 281.726 286.358 267.620
55 534.000 493.836 508.451 482.238 479.953 484.337
56 182.400 172.054 171.901 175.475 170.797 174.952
57 88.000 90.491 97.597 90.635 93.801 87.658
58 86.600 82.567 88.884 84.422 86.520 86.510
59 59.600 75.075 76.570 78.121 73.865 75.587
60 107.800 98.883 103.296 106.065 98.709 99.022
61 110.200 93.654 93.054 91.282 91.235 88.692
62 183.800 156.414 160.684 183.269 136.480 181.155
63 193.200 175.582 143.796 189.027 165.271 137.658
64 87.600 91.485 92.250 92.423 91.972 92.727
