data_index Exp_LnRF.observed Exp_LnRF.predicted.repeat1 Exp_LnRF.predicted.repeat2 Exp_LnRF.predicted.repeat3 Exp_LnRF.predicted.repeat4 Exp_LnRF.predicted.repeat5
1 1.000 0.985 1.074 0.764 0.998 0.925
2 0.847 1.103 1.013 1.058 1.028 1.021
3 -0.095 0.230 0.290 0.625 0.331 0.179
4 1.511 1.132 1.154 0.853 1.385 1.112
5 0.842 1.099 1.305 1.190 1.384 1.516
6 2.149 1.983 2.095 1.937 1.647 1.735
7 2.457 1.584 2.129 1.647 1.999 1.954
8 1.114 1.055 1.180 0.759 0.862 1.077
9 0.377 0.575 0.437 0.752 0.872 0.675
10 0.503 0.665 0.669 0.797 0.651 0.677
11 -0.593 -0.146 0.030 -0.093 0.240 -0.157
12 0.855 1.028 1.131 1.218 1.063 0.845
13 0.491 0.924 1.134 0.940 1.263 1.049
14 1.606 1.598 1.789 2.162 1.780 1.521
15 1.720 2.084 1.836 1.983 1.778 2.268
16 0.533 0.467 0.588 0.564 0.584 0.745
17 0.823 0.753 0.910 0.913 0.948 1.000
18 0.838 0.894 0.953 1.112 1.068 1.197
19 -0.411 -0.155 -0.108 -0.105 0.152 -0.261
20 1.255 1.173 1.285 1.399 1.076 1.110
21 0.823 1.123 1.082 1.155 1.347 1.524
22 1.878 2.124 1.794 1.801 1.862 1.719
23 2.121 2.185 1.922 2.028 1.935 2.189
24 1.176 1.048 1.124 0.839 0.843 0.921
25 1.402 1.677 1.566 1.530 1.308 1.599
26 1.618 1.780 1.769 2.056 1.824 1.425
27 0.462 1.119 0.831 0.991 0.683 0.646
28 1.936 1.690 2.090 1.717 1.965 1.702
29 1.555 1.197 1.280 1.684 1.393 1.128
30 2.737 1.740 1.864 1.661 1.712 1.669
31 2.838 1.949 1.973 1.826 2.102 1.801
32 1.712 1.670 1.574 1.506 1.396 1.683
33 1.011 1.605 1.666 1.309 1.402 1.473
34 1.024 0.971 1.052 1.247 1.250 1.189
35 -0.020 0.206 0.112 0.044 0.186 0.077
36 1.517 1.179 1.195 1.352 1.297 1.363
37 1.013 1.204 1.389 1.219 1.245 1.459
38 2.216 1.844 1.628 1.968 1.668 1.783
39 2.455 2.096 2.237 2.050 1.782 1.941
40 1.298 1.023 1.133 1.337 1.247 1.127
41 0.049 0.241 0.123 0.251 0.408 0.324
42 -0.068 0.081 0.056 -0.111 0.162 0.176
43 -0.874 -0.404 -0.104 -0.354 -0.180 -0.141
44 0.459 0.472 0.734 0.834 0.501 0.474
45 0.380 0.665 0.582 -0.114 0.670 0.617
46 1.094 1.209 1.157 0.272 0.933 0.647
47 1.253 0.520 1.147 0.720 0.591 1.439
48 0.025 0.140 0.279 0.044 0.190 0.050
49 1.221 1.030 1.034 1.202 1.047 0.994
50 1.265 1.027 1.125 0.787 0.948 0.885
51 0.191 -0.192 0.027 -0.037 0.011 0.333
52 1.534 1.364 1.320 1.352 1.329 1.234
53 1.174 1.294 1.017 1.314 1.309 1.425
54 2.423 1.764 1.656 1.826 1.703 1.862
55 2.519 1.731 1.929 2.075 2.029 2.023
56 1.276 1.197 1.225 1.195 1.208 1.176
57 0.191 0.395 0.391 0.688 0.626 0.614
58 0.162 0.403 0.693 0.503 0.392 0.343
59 -0.698 -0.517 -0.172 -0.335 -0.225 -0.405
60 0.536 0.944 0.970 1.333 0.968 1.054
61 0.570 0.820 0.988 0.696 0.764 0.903
62 1.286 1.304 1.682 1.725 1.562 1.445
63 1.349 1.926 1.823 1.856 1.626 1.703
64 0.183 0.602 0.695 0.524 0.498 0.447
