data_index Exp_LnRF.observed Exp_LnRF.predicted.repeat1 Exp_LnRF.predicted.repeat2 Exp_LnRF.predicted.repeat3 Exp_LnRF.predicted.repeat4 Exp_LnRF.predicted.repeat5
1 1.000 0.943 0.981 1.035 0.974 1.004
2 0.847 1.283 1.173 1.273 1.220 1.218
3 -0.095 -0.074 -0.083 -0.083 -0.096 -0.041
4 1.511 1.456 1.591 1.479 1.483 1.495
5 0.842 1.146 1.068 1.163 1.126 1.083
6 2.149 2.065 2.109 2.051 2.003 2.120
7 2.457 2.267 2.333 2.410 2.382 2.277
8 1.114 1.151 1.150 1.152 1.215 1.106
9 0.377 0.296 0.370 0.516 0.366 0.533
10 0.503 0.507 0.638 0.649 0.457 0.457
11 -0.593 -0.449 -0.366 -0.481 -0.533 -0.564
12 0.855 0.724 0.723 0.866 0.870 0.880
13 0.491 0.481 0.725 0.497 0.517 0.478
14 1.606 1.657 1.751 1.505 1.510 1.559
15 1.720 1.738 1.807 1.662 1.695 1.730
16 0.533 1.193 1.355 1.232 1.126 1.204
17 0.823 0.839 0.849 0.826 0.727 0.722
18 0.838 0.699 0.690 0.641 0.744 0.771
19 -0.411 -0.088 -0.124 -0.100 -0.181 -0.094
20 1.255 1.255 1.298 1.344 1.332 1.232
21 0.823 0.826 0.846 0.837 0.677 0.740
22 1.878 1.780 1.742 1.772 1.739 1.773
23 2.121 2.054 2.071 1.822 2.031 2.082
24 1.176 0.982 1.627 1.118 1.060 0.934
25 1.402 1.450 1.440 1.398 1.437 1.541
26 1.618 1.495 1.227 1.489 1.487 1.461
27 0.462 0.478 0.724 0.639 0.634 0.507
28 1.936 1.876 1.717 1.892 1.880 1.868
29 1.555 1.531 1.613 1.564 1.568 1.536
30 2.737 2.521 2.604 2.611 2.511 2.514
31 2.838 2.853 2.542 2.852 2.809 2.818
32 1.712 1.274 1.101 1.251 1.510 1.256
33 1.011 1.113 1.225 1.111 1.054 1.136
34 1.024 0.988 0.996 0.951 1.080 1.121
35 -0.020 0.292 0.192 0.095 0.129 0.117
36 1.517 1.578 1.602 1.619 1.565 1.621
37 1.013 1.035 0.979 1.007 0.996 0.937
38 2.216 2.121 2.034 2.144 2.059 2.118
39 2.455 2.224 2.125 1.965 2.122 2.310
40 1.298 1.246 1.277 1.107 1.108 1.375
41 0.049 0.246 0.208 0.208 0.201 0.292
42 -0.068 -0.058 0.068 -0.080 -0.069 -0.167
43 -0.874 -0.684 -0.737 -0.802 -0.785 -0.681
44 0.459 0.650 0.572 0.659 0.630 0.661
45 0.380 0.279 0.256 0.205 0.292 -0.062
46 1.094 0.997 1.079 1.060 1.059 1.005
47 1.253 1.129 1.107 1.156 1.163 1.310
48 0.025 -0.082 -0.021 -0.063 -0.030 -0.020
49 1.221 1.154 1.184 1.169 1.224 1.195
50 1.265 1.451 1.107 1.162 1.096 1.144
51 0.191 -0.001 0.221 0.228 0.201 0.223
52 1.534 1.607 1.763 1.829 1.694 1.708
53 1.174 1.154 1.159 1.276 1.385 1.107
54 2.423 2.196 2.273 2.286 2.227 2.227
55 2.519 2.389 2.515 2.339 2.493 2.461
56 1.276 1.299 1.416 1.297 1.356 1.489
57 0.191 0.291 0.265 0.290 0.251 0.293
58 0.162 -0.015 -0.025 0.047 0.055 -0.038
59 -0.698 -0.528 -0.561 -0.627 -0.511 -0.554
60 0.536 0.647 0.644 0.716 0.639 0.634
61 0.570 0.342 0.328 0.359 0.372 0.093
62 1.286 1.112 1.177 1.121 1.171 1.042
63 1.349 1.495 1.227 1.302 1.277 1.316
64 0.183 0.050 0.084 0.100 0.060 0.069
