data_index Exp_RT.observed Exp_RT.predicted.repeat1 Exp_RT.predicted.repeat2 Exp_RT.predicted.repeat3 Exp_RT.predicted.repeat4 Exp_RT.predicted.repeat5
1 148.000 151.834 151.287 152.960 162.857 150.637
2 132.600 156.786 154.249 150.184 153.362 155.871
3 76.000 107.509 112.788 102.133 121.109 95.188
4 220.200 170.803 198.356 179.127 176.046 184.463
5 132.200 292.189 235.161 294.311 274.552 177.757
6 381.000 386.496 379.390 410.793 393.739 406.017
7 504.400 394.885 462.280 403.848 408.268 408.221
8 161.000 169.891 181.474 161.547 153.548 175.631
9 97.800 122.849 115.597 117.581 114.708 126.214
10 105.600 116.861 127.737 116.215 117.295 127.672
11 61.800 89.315 90.105 79.460 97.373 86.095
12 133.400 172.987 172.327 176.356 138.790 165.867
13 104.800 204.348 186.240 219.441 186.107 175.215
14 238.200 352.138 318.140 327.621 302.819 363.217
15 262.000 379.553 381.208 471.419 419.675 421.385
16 107.600 134.079 148.686 120.299 139.912 128.655
17 130.400 135.525 142.232 147.756 139.046 142.617
18 131.800 146.226 148.904 147.476 153.978 148.295
19 66.200 91.056 78.107 86.652 81.367 79.340
20 179.400 171.345 191.889 170.132 166.432 186.867
21 130.400 152.369 148.215 141.322 144.687 150.421
22 300.000 332.097 351.504 351.352 301.216 334.781
23 371.800 405.800 397.959 413.233 381.417 366.845
24 168.800 144.795 129.999 148.183 155.534 150.877
25 201.600 282.008 308.855 300.880 228.875 293.068
26 240.600 269.442 287.475 282.980 274.336 306.843
27 103.000 172.149 166.528 152.144 167.077 156.919
28 315.600 402.544 359.976 332.023 330.361 422.375
29 228.200 431.987 382.543 455.555 359.809 372.793
30 654.400 335.636 431.353 431.736 362.540 406.649
31 719.800 423.631 401.044 401.863 438.499 433.289
32 260.400 186.937 202.229 179.001 146.149 194.432
33 149.200 146.906 152.094 142.009 165.307 155.866
34 150.600 163.002 145.835 146.098 164.280 152.268
35 78.800 83.439 88.923 81.887 81.856 96.291
36 221.200 179.736 179.868 186.851 178.692 180.557
37 149.400 165.968 164.920 147.240 170.883 152.427
38 404.800 318.081 328.596 346.220 326.046 273.735
39 503.200 434.257 432.621 413.043 420.091 351.175
40 185.600 157.708 141.356 161.875 157.945 156.275
41 81.600 88.351 93.664 84.553 83.115 90.403
42 77.000 82.192 88.552 83.527 80.032 84.616
43 56.400 72.284 73.176 70.375 70.587 75.113
44 102.800 97.915 135.149 119.224 128.137 99.243
45 98.000 129.262 123.906 125.473 130.068 133.898
46 158.600 198.488 225.632 198.128 172.209 139.337
47 179.200 173.487 193.923 207.419 233.471 229.472
48 80.600 87.217 100.941 95.355 92.644 95.365
49 174.800 150.151 164.490 146.720 154.467 151.372
50 180.800 152.800 164.737 154.411 150.691 153.193
51 88.000 106.998 107.528 96.735 92.191 111.448
52 224.400 187.547 189.826 180.375 189.495 184.421
53 168.600 162.288 166.457 158.369 146.129 147.160
54 488.600 194.211 198.177 197.188 163.377 216.247
55 534.000 364.860 371.832 423.451 386.421 316.956
56 182.400 103.043 98.571 101.385 114.155 108.549
57 88.000 86.830 88.916 86.113 85.757 89.062
58 86.600 96.396 88.511 90.849 85.255 86.638
59 59.600 73.957 75.527 75.509 75.388 71.940
60 107.800 129.977 127.615 146.076 126.611 118.155
61 110.200 134.969 129.481 140.183 116.350 124.030
62 183.800 139.625 235.545 163.331 180.376 146.031
63 193.200 224.689 224.994 250.180 241.358 232.072
64 87.600 88.235 104.544 91.356 92.104 104.624
