data_index Exp_RT.observed Exp_RT.predicted.repeat1 Exp_RT.predicted.repeat2 Exp_RT.predicted.repeat3 Exp_RT.predicted.repeat4 Exp_RT.predicted.repeat5
1 148.000 158.905 149.850 148.641 148.864 154.673
2 132.600 162.199 153.811 161.947 153.528 172.532
3 76.000 85.109 81.302 82.224 85.509 88.707
4 220.200 197.834 187.563 194.819 194.892 182.391
5 132.200 158.221 155.006 146.070 155.181 155.821
6 381.000 330.591 424.096 376.594 393.324 389.002
7 504.400 405.931 417.306 419.891 424.228 413.282
8 161.000 168.619 157.559 160.963 153.612 162.873
9 97.800 121.112 118.493 127.673 121.705 119.572
10 105.600 143.153 121.617 121.803 137.433 128.182
11 61.800 83.790 74.605 81.922 73.828 82.917
12 133.400 127.320 137.826 145.130 133.386 144.870
13 104.800 116.461 118.796 120.469 124.035 119.347
14 238.200 356.484 366.184 356.468 297.296 280.059
15 262.000 408.860 523.124 387.168 476.556 465.796
16 107.600 136.187 126.241 127.063 119.050 122.027
17 130.400 152.377 153.796 145.268 150.978 161.799
18 131.800 150.551 152.736 147.081 152.177 156.126
19 66.200 87.623 86.359 89.072 85.836 82.702
20 179.400 194.845 196.505 177.298 189.583 198.760
21 130.400 145.415 139.540 146.919 150.170 143.603
22 300.000 404.292 366.740 378.688 378.916 373.281
23 371.800 462.239 465.531 425.264 455.545 360.086
24 168.800 157.393 142.256 142.336 142.588 161.842
25 201.600 369.360 315.611 328.600 388.836 301.888
26 240.600 293.103 302.013 297.851 365.549 308.771
27 103.000 173.978 159.674 158.067 148.592 158.334
28 315.600 237.888 278.641 268.424 374.412 330.415
29 228.200 320.640 286.903 290.494 359.467 331.596
30 654.400 375.756 452.836 489.640 415.228 343.185
31 719.800 397.208 370.364 421.052 474.204 369.432
32 260.400 251.219 293.699 256.063 274.178 258.500
33 149.200 161.009 150.705 153.602 158.533 170.544
34 150.600 150.654 168.022 157.183 146.424 153.723
35 78.800 86.336 88.053 74.609 86.249 87.144
36 221.200 207.166 194.147 190.439 195.226 203.925
37 149.400 150.956 140.736 147.227 146.539 154.877
38 404.800 357.863 373.704 384.784 392.004 403.532
39 503.200 431.993 437.468 410.617 446.525 442.211
40 185.600 159.779 161.423 155.279 157.702 163.328
41 81.600 82.226 84.091 90.614 84.949 85.946
42 77.000 82.548 86.098 83.910 87.057 89.125
43 56.400 73.514 71.053 84.263 71.306 84.417
44 102.800 87.922 95.443 95.945 97.200 96.568
45 98.000 88.340 89.649 98.472 92.936 95.815
46 158.600 188.518 194.355 194.647 200.529 202.244
47 179.200 195.677 188.667 193.479 194.338 224.633
48 80.600 84.842 84.097 86.015 84.175 87.060
49 174.800 160.700 156.387 167.352 159.999 161.181
50 180.800 131.523 124.547 130.169 88.412 144.660
51 88.000 80.076 91.175 86.643 77.818 87.180
52 224.400 194.641 193.908 196.214 203.785 186.050
53 168.600 156.265 146.598 160.388 157.112 147.940
54 488.600 363.996 389.504 302.523 274.880 340.813
55 534.000 282.365 316.149 288.581 326.834 258.606
56 182.400 146.929 144.163 133.602 91.012 147.711
57 88.000 90.335 86.114 93.269 93.196 90.982
58 86.600 84.246 86.403 90.000 91.944 86.459
59 59.600 73.044 76.831 89.426 74.702 89.113
60 107.800 90.571 94.683 104.212 99.924 97.426
61 110.200 92.796 88.828 89.300 96.770 94.262
62 183.800 136.717 162.263 185.942 158.997 147.844
63 193.200 196.526 162.250 176.782 157.480 166.482
64 87.600 88.429 86.282 93.324 93.635 87.439
