data_index Exp_RT.observed Exp_RT.predicted.repeat1 Exp_RT.predicted.repeat2 Exp_RT.predicted.repeat3 Exp_RT.predicted.repeat4 Exp_RT.predicted.repeat5
1 148.000 164.588 180.100 197.826 159.670 165.693
2 132.600 170.920 186.648 192.444 197.018 170.842
3 76.000 92.628 102.329 89.447 110.762 93.259
4 220.200 193.979 196.137 176.746 199.869 197.800
5 132.200 192.433 158.232 171.616 183.572 155.751
6 381.000 446.075 473.611 410.440 447.700 338.759
7 504.400 379.954 350.157 478.810 452.299 460.463
8 161.000 175.501 177.939 184.055 197.140 192.501
9 97.800 116.501 117.592 124.454 134.375 132.173
10 105.600 116.857 120.343 117.170 115.563 120.282
11 61.800 87.222 82.666 82.087 83.130 79.383
12 133.400 143.819 141.383 148.883 122.255 180.070
13 104.800 159.686 134.893 162.500 142.183 132.735
14 238.200 428.471 218.495 449.328 234.919 234.605
15 262.000 324.311 266.397 365.115 469.404 379.134
16 107.600 130.587 129.077 142.395 151.693 139.189
17 130.400 164.200 155.099 174.728 159.307 156.750
18 131.800 206.085 148.489 185.268 187.248 160.859
19 66.200 94.832 94.729 90.551 108.884 95.237
20 179.400 184.605 178.172 175.907 179.868 164.253
21 130.400 173.980 139.072 174.705 153.243 147.594
22 300.000 343.294 353.414 356.522 346.192 300.727
23 371.800 334.950 294.744 378.477 459.390 394.742
24 168.800 161.341 186.366 167.392 187.239 174.981
25 201.600 294.179 303.758 288.021 338.534 335.628
26 240.600 308.808 317.442 261.383 314.455 275.328
27 103.000 169.068 277.198 292.653 301.136 228.863
28 315.600 244.903 205.362 230.702 229.860 242.974
29 228.200 226.003 433.296 413.009 372.620 404.905
30 654.400 221.359 221.746 233.737 237.053 233.219
31 719.800 273.357 374.045 401.380 397.281 354.534
32 260.400 281.065 318.380 321.051 317.848 269.886
33 149.200 158.517 180.263 191.167 159.170 157.803
34 150.600 245.324 182.618 176.504 171.673 176.209
35 78.800 118.193 87.397 95.544 88.835 100.252
36 221.200 198.830 193.620 177.931 191.848 199.954
37 149.400 177.260 160.529 166.405 153.469 150.327
38 404.800 353.473 384.272 361.785 375.129 322.175
39 503.200 436.329 338.390 432.754 441.658 422.298
40 185.600 173.890 178.251 167.205 167.177 179.816
41 81.600 88.976 90.205 90.733 92.936 95.210
42 77.000 95.022 93.255 93.310 94.573 85.451
43 56.400 68.712 71.045 75.977 70.907 78.080
44 102.800 113.038 112.372 97.543 107.246 113.396
45 98.000 88.946 96.901 95.501 100.669 97.407
46 158.600 318.368 260.624 328.263 240.471 310.006
47 179.200 382.659 362.628 266.689 236.484 304.238
48 80.600 95.356 84.539 96.840 93.420 84.503
49 174.800 178.630 186.124 172.908 183.101 187.975
50 180.800 266.722 178.720 193.382 182.924 187.267
51 88.000 118.716 119.591 104.653 129.266 114.567
52 224.400 211.844 212.315 205.751 202.262 205.200
53 168.600 174.790 152.502 179.509 159.281 147.316
54 488.600 377.806 408.333 391.823 405.699 382.456
55 534.000 381.832 425.260 451.391 450.593 423.371
56 182.400 200.483 235.963 187.570 201.470 193.527
57 88.000 96.005 94.163 96.028 100.789 97.539
58 86.600 91.465 99.374 92.460 92.971 94.413
59 59.600 75.864 72.431 72.591 70.881 69.726
60 107.800 112.824 103.691 98.292 106.932 102.437
61 110.200 95.539 97.293 122.335 109.235 93.861
62 183.800 316.392 313.993 285.140 192.759 257.997
63 193.200 383.472 298.052 212.570 238.530 206.505
64 87.600 90.365 91.512 96.913 92.430 95.174
