data_index Exp_RT.observed Exp_RT.predicted.repeat1 Exp_RT.predicted.repeat2 Exp_RT.predicted.repeat3 Exp_RT.predicted.repeat4 Exp_RT.predicted.repeat5
1 148.000 167.888 149.809 165.349 171.115 136.414
2 132.600 145.861 151.514 148.527 186.098 175.781
3 76.000 104.109 96.383 98.284 87.744 98.312
4 220.200 211.112 201.693 211.938 197.491 214.590
5 132.200 163.898 152.396 137.107 138.124 151.652
6 381.000 379.491 384.023 399.469 382.023 408.439
7 504.400 454.044 445.165 448.167 431.532 439.531
8 161.000 182.169 179.343 186.284 203.221 172.970
9 97.800 61.773 41.225 45.187 36.608 22.126
10 105.600 83.941 83.465 64.151 80.438 73.474
11 61.800 20.410 9.445 13.127 33.264 26.147
12 133.400 152.325 117.914 143.789 157.804 128.654
13 104.800 104.585 89.020 88.795 111.567 108.445
14 238.200 303.559 271.126 329.074 304.004 332.232
15 262.000 363.126 369.144 398.999 346.122 369.276
16 107.600 147.322 139.722 133.988 129.868 146.445
17 130.400 122.293 98.434 99.544 111.372 134.080
18 131.800 174.007 129.464 129.107 134.822 194.135
19 66.200 63.699 62.940 93.470 67.731 68.651
20 179.400 188.551 162.030 202.511 184.445 178.585
21 130.400 94.609 92.661 96.261 104.384 94.507
22 300.000 311.422 330.073 287.024 308.952 317.400
23 371.800 418.840 430.078 413.288 380.507 412.447
24 168.800 176.293 146.589 155.685 130.828 152.507
25 201.600 271.041 250.945 254.637 283.224 263.681
26 240.600 221.177 210.610 204.870 237.038 231.272
27 103.000 152.515 165.942 168.631 198.901 170.632
28 315.600 281.157 293.606 298.503 280.486 287.889
29 228.200 251.315 220.277 232.166 224.685 250.329
30 654.400 307.581 312.948 294.692 291.237 286.074
31 719.800 411.128 421.413 410.061 445.290 438.530
32 260.400 271.415 248.345 252.467 246.336 269.751
33 149.200 168.507 191.214 178.584 188.762 191.654
34 150.600 207.897 170.676 176.109 226.010 234.314
35 78.800 79.716 90.618 115.796 86.882 83.278
36 221.200 212.640 214.105 222.706 213.295 209.778
37 149.400 188.016 159.163 175.512 179.327 160.423
38 404.800 379.853 400.937 398.037 398.962 396.969
39 503.200 434.292 440.421 433.788 448.844 424.998
40 185.600 183.619 172.184 177.404 149.827 168.016
41 81.600 60.674 62.666 67.615 88.037 25.828
42 77.000 66.843 56.760 67.748 75.951 60.347
43 56.400 72.820 75.781 54.663 62.212 60.367
44 102.800 108.771 114.313 109.084 107.542 106.270
45 98.000 77.690 73.697 72.775 65.462 79.955
46 158.600 174.078 191.272 187.727 260.650 204.905
47 179.200 188.835 190.175 192.246 210.585 292.997
48 80.600 55.379 29.992 67.361 47.019 57.223
49 174.800 195.804 173.139 177.282 178.318 198.511
50 180.800 164.718 170.400 173.812 238.911 179.836
51 88.000 158.458 121.767 116.613 135.350 123.464
52 224.400 236.906 261.834 240.222 247.255 248.529
53 168.600 197.989 208.015 165.417 213.659 194.891
54 488.600 410.017 415.524 426.122 430.501 427.205
55 534.000 492.950 489.611 519.877 497.623 498.296
56 182.400 238.025 224.496 232.640 260.650 238.420
57 88.000 69.548 71.927 81.276 76.194 27.033
58 86.600 90.085 82.220 74.816 100.052 109.243
59 59.600 46.210 29.931 31.350 36.920 41.398
60 107.800 116.798 109.126 121.423 106.823 111.898
61 110.200 114.236 111.316 120.713 117.841 124.375
62 183.800 176.944 191.107 191.657 263.877 177.851
63 193.200 211.477 250.179 218.142 225.518 304.294
64 87.600 52.784 64.702 72.269 58.064 66.323
