data_index Exp_RT.observed Exp_RT.predicted.repeat1 Exp_RT.predicted.repeat2 Exp_RT.predicted.repeat3 Exp_RT.predicted.repeat4 Exp_RT.predicted.repeat5
1 148.000 143.613 145.961 144.754 163.547 166.051
2 132.600 163.330 177.691 186.426 167.785 199.415
3 76.000 62.838 99.483 46.832 67.058 53.200
4 220.200 211.716 213.764 219.634 204.461 217.901
5 132.200 144.167 170.528 160.007 154.595 142.143
6 381.000 399.680 396.494 412.673 396.607 362.127
7 504.400 407.392 473.848 492.696 478.658 413.354
8 161.000 172.324 164.934 210.350 176.850 193.244
9 97.800 61.542 46.217 67.839 80.630 127.500
10 105.600 114.989 139.572 124.846 139.756 54.293
11 61.800 -33.161 -6.737 -3.195 -15.098 -34.192
12 133.400 130.000 191.759 173.612 185.217 209.720
13 104.800 82.895 106.029 126.806 152.062 123.459
14 238.200 193.203 366.476 203.749 193.681 418.019
15 262.000 388.679 381.081 388.191 287.020 403.930
16 107.600 214.039 218.192 222.441 222.173 212.386
17 130.400 101.860 89.335 102.197 100.718 86.978
18 131.800 87.908 112.215 94.219 99.237 94.947
19 66.200 48.004 54.380 25.849 31.871 53.242
20 179.400 133.634 169.520 138.271 167.419 193.495
21 130.400 122.552 117.760 132.476 123.857 139.607
22 300.000 349.950 358.978 330.911 335.583 322.474
23 371.800 351.302 422.867 343.801 334.492 394.409
24 168.800 217.917 208.152 216.057 211.888 197.591
25 201.600 294.575 262.047 256.622 300.430 274.946
26 240.600 187.502 245.806 193.376 200.750 183.571
27 103.000 258.040 210.749 204.093 255.651 199.276
28 315.600 235.447 270.320 259.304 242.588 272.642
29 228.200 280.355 208.306 212.658 283.765 169.141
30 654.400 299.691 364.700 331.293 280.446 304.344
31 719.800 416.879 390.952 383.524 425.207 379.503
32 260.400 141.720 156.628 151.925 153.913 148.360
33 149.200 199.872 197.988 192.771 182.336 193.386
34 150.600 160.949 167.251 159.008 164.330 173.646
35 78.800 120.731 123.234 113.492 112.234 108.009
36 221.200 236.661 235.682 233.766 241.108 247.364
37 149.400 142.034 142.242 141.965 165.186 143.172
38 404.800 357.730 363.192 345.454 363.589 394.286
39 503.200 429.049 435.700 415.194 391.392 429.901
40 185.600 181.100 173.732 168.616 194.656 150.942
41 81.600 60.783 60.128 93.269 66.335 66.726
42 77.000 64.632 17.767 69.922 63.361 25.449
43 56.400 39.902 39.842 27.120 66.201 38.000
44 102.800 118.938 171.417 171.289 112.027 113.715
45 98.000 67.985 80.557 98.606 98.444 90.238
46 158.600 182.749 189.717 196.495 192.872 203.696
47 179.200 219.496 280.519 228.969 225.082 321.087
48 80.600 62.783 59.433 56.386 50.687 46.782
49 174.800 178.732 205.307 199.489 201.829 192.608
50 180.800 153.036 161.098 165.068 182.471 178.575
51 88.000 176.726 198.517 123.290 158.489 122.839
52 224.400 241.553 247.958 242.323 226.393 244.423
53 168.600 174.586 190.462 189.338 177.844 157.315
54 488.600 375.859 377.490 385.956 380.702 378.656
55 534.000 393.620 466.155 467.069 424.594 409.765
56 182.400 223.930 225.899 233.772 200.190 246.824
57 88.000 98.347 81.202 70.645 82.722 97.664
58 86.600 78.678 33.304 83.869 69.056 46.124
59 59.600 76.832 82.617 93.699 88.689 89.742
60 107.800 107.895 168.364 160.075 106.565 111.282
61 110.200 74.610 106.803 112.295 99.522 99.576
62 183.800 161.119 157.644 143.260 145.296 163.807
63 193.200 185.532 281.967 194.939 188.151 312.461
64 87.600 86.128 92.940 85.452 81.310 77.482
