data_index Exp_RT.observed Exp_RT.predicted.repeat1 Exp_RT.predicted.repeat2 Exp_RT.predicted.repeat3 Exp_RT.predicted.repeat4 Exp_RT.predicted.repeat5
1 148.000 146.318 147.958 148.455 161.818 144.382
2 132.600 172.906 181.959 167.749 167.586 164.337
3 76.000 80.399 64.989 93.947 84.558 66.462
4 220.200 250.658 269.454 258.475 274.779 173.525
5 132.200 186.525 174.418 141.388 181.075 167.139
6 381.000 236.202 295.299 293.576 284.833 292.118
7 504.400 433.201 391.206 346.922 402.196 328.782
8 161.000 190.575 194.155 181.411 182.117 166.712
9 97.800 93.708 84.326 102.366 109.241 93.085
10 105.600 134.061 60.360 93.289 114.500 112.591
11 61.800 63.915 -9.833 -7.670 67.095 -30.767
12 133.400 127.516 110.188 121.844 127.459 137.131
13 104.800 69.517 192.659 57.847 95.740 83.509
14 238.200 407.070 418.257 378.337 380.998 348.402
15 262.000 310.727 468.167 426.845 454.028 344.457
16 107.600 141.558 104.619 127.993 117.140 131.493
17 130.400 148.540 148.737 159.777 162.543 138.653
18 131.800 191.659 197.482 147.067 186.480 137.631
19 66.200 66.554 89.628 54.422 70.525 56.682
20 179.400 154.044 204.171 173.967 170.963 172.091
21 130.400 135.376 132.294 122.735 112.794 128.065
22 300.000 293.110 305.590 329.990 311.158 303.882
23 371.800 425.775 416.358 383.052 430.426 374.352
24 168.800 153.411 136.607 147.957 145.931 142.956
25 201.600 218.352 217.173 223.017 224.288 243.815
26 240.600 246.920 230.547 219.249 230.656 281.851
27 103.000 239.749 230.736 203.666 214.240 220.447
28 315.600 354.801 332.892 313.854 302.732 365.790
29 228.200 331.145 345.517 235.070 226.875 311.455
30 654.400 297.525 323.903 295.996 300.216 295.823
31 719.800 440.461 415.385 417.093 415.667 481.519
32 260.400 210.122 232.049 248.915 203.702 259.977
33 149.200 158.326 138.789 150.973 170.993 140.004
34 150.600 252.948 244.856 186.296 236.146 184.153
35 78.800 106.691 111.052 111.191 79.988 79.719
36 221.200 227.290 232.938 223.534 235.057 237.459
37 149.400 195.289 179.865 193.697 171.434 191.701
38 404.800 337.461 436.755 402.364 447.262 429.972
39 503.200 432.417 397.007 440.318 420.655 448.219
40 185.600 166.911 186.291 167.141 180.424 193.502
41 81.600 41.525 44.936 45.299 54.973 27.560
42 77.000 61.275 76.744 60.710 60.851 62.793
43 56.400 54.803 56.410 61.615 57.919 43.319
44 102.800 65.533 61.446 91.141 77.952 85.399
45 98.000 90.265 90.657 66.646 38.129 31.284
46 158.600 223.217 239.846 260.335 242.836 262.351
47 179.200 331.270 237.007 254.311 255.380 232.185
48 80.600 64.661 74.531 74.938 80.483 64.915
49 174.800 187.062 164.615 195.066 189.423 172.105
50 180.800 163.673 155.849 140.458 216.043 181.737
51 88.000 124.959 124.611 147.796 130.983 124.378
52 224.400 255.613 201.596 259.254 257.989 251.770
53 168.600 215.301 219.204 222.858 249.636 235.668
54 488.600 249.554 335.000 325.275 318.321 309.935
55 534.000 437.418 428.642 411.244 464.791 422.821
56 182.400 202.884 199.208 171.670 185.267 193.042
57 88.000 93.390 83.069 99.561 95.046 106.569
58 86.600 82.136 64.355 85.203 97.329 74.489
59 59.600 27.879 17.064 26.168 24.272 39.529
60 107.800 90.364 100.930 76.781 73.098 139.591
61 110.200 77.084 79.916 65.674 58.187 59.582
62 183.800 286.232 232.230 218.823 234.996 255.526
63 193.200 347.608 295.173 273.606 267.570 299.425
64 87.600 92.312 84.750 91.035 75.608 94.368
