data_index Exp_RT.observed Exp_RT.predicted.repeat1 Exp_RT.predicted.repeat2 Exp_RT.predicted.repeat3 Exp_RT.predicted.repeat4 Exp_RT.predicted.repeat5
1 148.000 134.833 143.259 147.734 121.674 132.324
2 132.600 161.929 156.240 145.228 162.907 151.354
3 76.000 104.774 99.852 103.142 94.584 98.261
4 220.200 206.544 167.113 179.520 181.188 188.658
5 132.200 153.610 202.052 145.913 204.552 166.991
6 381.000 350.152 318.288 339.628 342.388 358.536
7 504.400 344.124 362.979 392.648 304.132 323.956
8 161.000 175.636 183.932 184.180 154.826 164.509
9 97.800 133.568 131.639 114.666 129.898 140.451
10 105.600 132.730 127.188 141.373 135.366 149.109
11 61.800 98.650 97.427 117.895 100.352 112.464
12 133.400 183.148 147.282 180.719 165.426 161.519
13 104.800 143.531 170.539 149.635 157.728 155.688
14 238.200 369.868 359.688 381.044 355.564 342.996
15 262.000 447.328 311.840 375.160 446.204 308.940
16 107.600 170.695 141.465 158.291 152.604 144.714
17 130.400 131.778 141.402 133.309 123.544 139.808
18 131.800 136.959 139.086 143.127 136.796 146.098
19 66.200 118.365 102.012 94.363 101.837 99.562
20 179.400 183.108 179.288 186.304 189.068 180.256
21 130.400 147.274 159.616 141.869 143.122 153.132
22 300.000 332.676 343.416 321.880 322.184 328.992
23 371.800 329.736 338.256 384.448 256.056 339.564
24 168.800 162.104 178.520 149.726 144.704 148.853
25 201.600 182.684 232.312 225.432 228.120 242.172
26 240.600 275.956 257.380 243.732 269.131 189.284
27 103.000 202.848 245.492 185.783 221.680 181.828
28 315.600 311.336 269.193 345.552 307.124 337.396
29 228.200 314.504 242.169 295.336 290.324 230.216
30 654.400 282.625 331.544 294.660 293.000 294.094
31 719.800 327.588 399.516 330.392 335.460 357.928
32 260.400 308.584 268.577 309.240 305.304 243.860
33 149.200 180.840 165.906 167.168 162.908 172.639
34 150.600 175.040 192.230 171.879 189.416 222.076
35 78.800 122.644 114.568 125.792 127.316 121.205
36 221.200 232.132 221.692 236.851 244.664 196.596
37 149.400 209.669 207.215 204.552 190.459 245.051
38 404.800 372.520 349.149 366.877 370.980 352.716
39 503.200 344.416 432.140 374.416 270.576 339.472
40 185.600 197.132 165.964 212.572 184.883 192.264
41 81.600 101.184 100.533 104.121 96.676 102.570
42 77.000 110.484 94.696 112.003 101.362 100.588
43 56.400 79.036 75.657 79.302 91.817 80.016
44 102.800 110.070 127.016 141.994 118.100 131.364
45 98.000 108.618 103.345 113.912 113.440 111.966
46 158.600 188.671 221.004 285.448 339.644 305.896
47 179.200 272.952 300.840 235.136 302.876 342.584
48 80.600 98.480 100.464 98.204 105.706 96.501
49 174.800 166.936 172.104 149.972 147.795 174.183
50 180.800 159.700 186.471 157.680 170.126 174.912
51 88.000 129.544 127.324 139.592 113.424 120.000
52 224.400 197.688 193.276 238.144 239.492 194.404
53 168.600 175.300 223.101 201.924 139.917 210.788
54 488.600 368.056 318.216 377.760 350.516 347.404
55 534.000 391.332 431.304 390.276 333.072 343.204
56 182.400 215.856 185.872 208.484 212.018 212.536
57 88.000 99.616 127.983 102.882 103.958 117.790
58 86.600 125.668 118.090 113.196 109.254 113.913
59 59.600 78.908 86.864 80.362 89.695 83.576
60 107.800 146.528 145.132 142.914 125.291 145.526
61 110.200 123.776 123.997 122.748 119.866 125.086
62 183.800 282.416 308.656 303.369 340.528 267.604
63 193.200 361.508 329.184 258.764 240.464 411.992
64 87.600 105.167 124.000 126.571 133.570 112.936
