data_index Exp_LnRF.observed Exp_LnRF.predicted.repeat1 Exp_LnRF.predicted.repeat2 Exp_LnRF.predicted.repeat3 Exp_LnRF.predicted.repeat4 Exp_LnRF.predicted.repeat5
1 1.000 1.063 1.049 0.870 1.038 0.917
2 0.847 1.069 1.034 1.055 1.060 1.021
3 -0.095 0.165 -0.147 0.163 0.051 -0.224
4 1.511 1.343 1.250 1.050 1.312 1.135
5 0.842 1.020 1.064 1.189 1.056 1.032
6 2.149 2.170 2.116 2.295 2.001 2.201
7 2.457 2.420 2.296 2.228 2.243 2.368
8 1.114 1.179 1.112 1.086 1.195 1.065
9 0.377 0.733 0.715 0.861 0.723 0.726
10 0.503 0.708 0.703 0.821 0.760 0.704
11 -0.593 0.033 0.001 0.039 0.045 -0.150
12 0.855 0.854 0.774 0.778 1.026 0.839
13 0.491 0.533 0.676 0.894 0.727 0.572
14 1.606 2.152 2.108 2.003 1.892 1.914
15 1.720 2.312 1.928 1.785 2.408 2.370
16 0.533 0.597 0.689 0.668 0.755 0.671
17 0.823 1.046 1.014 0.986 0.956 0.826
18 0.838 1.007 0.955 0.982 1.002 1.033
19 -0.411 0.121 -0.076 -0.143 0.117 -0.097
20 1.255 1.045 1.132 1.314 1.074 1.278
21 0.823 0.840 0.950 1.052 0.832 0.930
22 1.878 2.046 2.015 1.913 2.015 1.989
23 2.121 2.068 2.115 2.032 2.068 2.101
24 1.176 0.880 0.934 0.964 0.954 0.914
25 1.402 1.888 1.827 2.451 1.717 1.874
26 1.618 1.920 2.093 2.434 2.031 1.899
27 0.462 0.733 0.717 0.949 0.805 0.708
28 1.936 1.912 1.869 2.431 1.959 1.748
29 1.555 1.820 1.906 2.334 1.846 1.876
30 2.737 2.006 1.994 2.004 2.196 2.164
31 2.838 1.846 1.980 1.878 1.896 1.931
32 1.712 1.774 1.728 1.842 1.902 1.678
33 1.011 1.076 0.920 1.067 1.025 1.073
34 1.024 1.116 1.093 1.076 1.121 1.041
35 -0.020 -0.122 -0.010 -0.105 -0.075 -0.135
36 1.517 1.186 1.289 1.146 1.236 1.178
37 1.013 1.033 0.992 1.242 0.946 0.984
38 2.216 2.051 2.188 2.148 1.949 2.139
39 2.455 2.240 2.337 2.279 2.277 2.310
40 1.298 1.014 1.072 1.111 1.108 1.150
41 0.049 -0.036 0.043 0.048 0.085 0.185
42 -0.068 0.170 0.041 0.175 0.166 -0.013
43 -0.874 -0.280 -0.264 -0.366 -0.272 -0.209
44 0.459 0.363 0.233 0.179 0.280 0.286
45 0.380 0.075 0.150 0.218 0.049 0.208
46 1.094 1.110 0.958 1.167 0.887 0.947
47 1.253 0.709 0.940 0.550 0.707 0.720
48 0.025 0.130 0.060 0.068 0.176 -0.098
49 1.221 1.111 1.076 1.129 1.144 1.085
50 1.265 1.049 1.045 1.056 1.069 1.050
51 0.191 0.122 -0.030 -0.100 0.085 -0.018
52 1.534 1.288 1.302 1.219 1.302 1.376
53 1.174 1.107 1.059 1.162 1.115 1.188
54 2.423 2.129 2.118 2.055 2.154 2.049
55 2.519 2.318 2.439 2.222 2.434 2.392
56 1.276 1.104 1.200 1.225 1.174 1.184
57 0.191 0.188 0.174 0.339 0.266 0.368
58 0.162 0.122 0.143 0.440 0.142 0.042
59 -0.698 -0.237 -0.322 -0.275 -0.315 -0.370
60 0.536 0.347 0.301 0.565 0.294 0.298
61 0.570 0.137 0.120 0.125 0.190 0.139
62 1.286 1.051 1.026 1.006 0.862 1.015
63 1.349 0.946 0.902 0.859 0.774 0.958
64 0.183 0.157 0.150 0.431 0.108 0.057
