data_index Exp_LnRF.observed Exp_LnRF.predicted.repeat1 Exp_LnRF.predicted.repeat2 Exp_LnRF.predicted.repeat3 Exp_LnRF.predicted.repeat4 Exp_LnRF.predicted.repeat5
1 1.000 0.932 0.840 0.932 0.933 0.856
2 0.847 0.990 1.092 0.870 0.934 0.966
3 -0.095 0.065 0.154 0.144 0.061 0.247
4 1.511 1.171 1.215 1.270 1.246 1.310
5 0.842 0.967 1.070 0.953 1.101 1.140
6 2.149 1.906 1.871 1.870 1.813 1.660
7 2.457 1.944 1.771 1.824 2.147 2.100
8 1.114 1.073 0.945 1.050 1.005 0.989
9 0.377 0.710 0.834 0.668 0.810 0.603
10 0.503 0.777 0.696 0.536 0.756 0.769
11 -0.593 0.079 0.151 -0.030 0.018 0.047
12 0.855 1.030 0.747 0.807 0.872 0.994
13 0.491 0.912 0.857 0.816 0.852 0.901
14 1.606 1.750 1.583 1.698 1.924 1.728
15 1.720 1.772 1.817 1.600 1.884 1.943
16 0.533 0.584 0.862 0.663 0.857 0.745
17 0.823 0.819 0.836 0.875 0.907 0.728
18 0.838 0.840 0.896 0.967 0.891 0.940
19 -0.411 -0.020 0.213 0.111 -0.010 -0.029
20 1.255 1.317 1.273 1.250 1.194 1.171
21 0.823 0.922 0.972 0.961 1.032 0.899
22 1.878 1.843 1.896 1.931 1.699 1.645
23 2.121 2.033 1.719 1.960 1.872 2.037
24 1.176 0.839 0.972 1.021 0.928 0.912
25 1.402 1.668 1.322 1.320 1.316 1.558
26 1.618 1.562 1.487 1.479 1.559 1.345
27 0.462 0.678 0.785 0.734 0.487 0.495
28 1.936 1.538 1.612 1.651 1.636 1.461
29 1.555 1.851 1.573 1.790 1.490 1.561
30 2.737 1.679 1.767 1.724 1.688 1.826
31 2.838 1.904 1.978 1.857 1.977 1.957
32 1.712 1.330 1.459 1.336 1.449 1.505
33 1.011 1.011 1.108 0.938 1.002 1.027
34 1.024 1.015 0.941 1.054 1.039 0.970
35 -0.020 0.291 0.299 0.220 0.097 0.248
36 1.517 1.318 1.243 1.235 1.395 1.328
37 1.013 0.975 1.018 1.086 0.971 1.115
38 2.216 1.703 1.771 1.895 1.792 1.920
39 2.455 1.940 1.751 2.010 1.989 1.978
40 1.298 1.001 1.133 1.028 1.047 1.056
41 0.049 0.382 0.414 0.370 0.306 0.383
42 -0.068 0.353 0.250 0.210 0.364 0.218
43 -0.874 -0.233 -0.167 -0.250 0.004 -0.233
44 0.459 0.579 0.578 0.500 0.460 0.519
45 0.380 0.590 0.529 0.595 0.392 0.603
46 1.094 1.414 1.261 1.199 1.153 1.240
47 1.253 1.182 1.347 1.260 1.524 1.339
48 0.025 0.373 0.233 0.220 0.215 0.282
49 1.221 1.026 0.939 0.954 0.999 0.976
50 1.265 0.977 1.051 1.018 0.959 0.992
51 0.191 0.098 0.504 0.176 0.406 0.148
52 1.534 1.318 1.296 1.333 1.321 1.354
53 1.174 1.111 1.100 1.041 1.188 1.083
54 2.423 1.650 1.710 1.758 1.766 1.548
55 2.519 2.060 2.126 1.821 2.077 1.975
56 1.276 1.049 0.991 0.996 1.031 1.040
57 0.191 0.452 0.565 0.329 0.389 0.404
58 0.162 0.296 0.261 0.552 0.531 0.293
59 -0.698 -0.124 -0.263 -0.270 0.043 -0.270
60 0.536 0.672 0.707 0.858 0.702 0.684
61 0.570 0.685 0.725 0.574 0.595 0.564
62 1.286 1.027 1.299 1.396 1.519 1.265
63 1.349 1.576 1.234 1.262 1.660 1.399
64 0.183 0.449 0.576 0.595 0.404 0.437
