data_index Exp_LnRF.observed Exp_LnRF.predicted.repeat1 Exp_LnRF.predicted.repeat2 Exp_LnRF.predicted.repeat3 Exp_LnRF.predicted.repeat4 Exp_LnRF.predicted.repeat5
1 1.000 0.943 1.084 1.004 0.943 1.085
2 0.847 0.986 0.940 0.972 0.985 0.993
3 -0.095 0.139 0.059 -0.028 -0.167 0.169
4 1.511 1.349 1.310 1.277 1.251 1.440
5 0.842 0.937 0.946 0.918 1.000 0.911
6 2.149 2.088 2.103 1.983 2.071 1.868
7 2.457 2.224 2.040 2.048 2.080 1.749
8 1.114 1.230 1.278 1.265 1.144 1.218
9 0.377 0.795 0.669 0.934 0.779 0.619
10 0.503 0.871 0.682 0.752 0.519 0.590
11 -0.593 0.198 -0.001 0.114 0.037 0.182
12 0.855 0.763 1.054 0.717 0.693 1.146
13 0.491 0.978 0.718 0.933 0.575 0.779
14 1.606 1.963 2.050 2.075 2.072 2.062
15 1.720 1.811 1.533 1.793 1.997 1.966
16 0.533 0.889 0.711 1.057 0.660 0.700
17 0.823 1.074 1.045 1.169 1.180 1.134
18 0.838 0.968 0.900 1.078 1.037 0.976
19 -0.411 0.232 0.137 0.109 0.082 0.093
20 1.255 1.463 1.484 1.389 1.492 1.477
21 0.823 0.997 0.868 0.936 1.029 0.954
22 1.878 2.013 2.151 2.004 2.056 2.045
23 2.121 2.076 1.962 2.257 2.180 1.616
24 1.176 1.121 1.134 1.247 1.238 1.210
25 1.402 1.474 1.881 1.809 1.572 1.571
26 1.618 1.643 1.455 1.522 1.524 1.348
27 0.462 0.455 0.297 0.056 0.454 -0.193
28 1.936 1.764 1.662 1.571 1.531 1.681
29 1.555 1.561 1.979 1.500 1.901 2.093
30 2.737 1.632 1.692 1.624 1.651 1.624
31 2.838 1.968 1.933 2.001 1.885 1.788
32 1.712 1.661 1.847 1.872 1.745 1.476
33 1.011 1.191 1.156 1.233 0.959 1.147
34 1.024 0.924 1.006 1.099 0.905 0.964
35 -0.020 -0.176 -0.069 -0.056 -0.168 -0.052
36 1.517 1.302 1.478 1.285 1.288 1.275
37 1.013 1.129 0.945 1.033 0.990 0.930
38 2.216 1.993 1.847 1.986 2.056 1.848
39 2.455 2.004 1.977 2.080 2.133 1.680
40 1.298 1.298 1.268 1.185 1.182 1.215
41 0.049 0.337 0.287 0.300 0.273 0.381
42 -0.068 0.340 0.127 0.148 0.294 0.360
43 -0.874 -0.106 -0.349 -0.195 -0.219 -0.179
44 0.459 0.516 0.527 0.639 0.354 0.533
45 0.380 0.640 0.488 0.343 0.179 0.674
46 1.094 0.774 0.790 1.277 0.652 0.655
47 1.253 0.528 0.628 0.611 0.696 1.346
48 0.025 0.383 0.185 0.278 0.128 0.305
49 1.221 1.176 1.217 1.210 1.142 1.223
50 1.265 1.100 1.032 1.131 1.013 1.097
51 0.191 0.214 -0.118 0.048 -0.135 0.175
52 1.534 1.395 1.400 1.364 1.320 1.413
53 1.174 1.043 1.098 1.015 1.121 1.213
54 2.423 1.978 1.981 1.967 1.971 1.917
55 2.519 2.153 2.115 2.082 2.247 2.164
56 1.276 1.258 1.310 1.216 1.156 1.383
57 0.191 0.403 0.567 0.467 0.492 0.575
58 0.162 0.365 0.606 0.754 0.346 0.471
59 -0.698 -0.449 -0.418 -0.427 -0.132 -0.387
60 0.536 0.707 0.490 0.857 0.896 1.012
61 0.570 0.497 0.567 0.481 0.406 0.699
62 1.286 1.952 1.733 1.505 2.103 1.784
63 1.349 1.521 1.653 1.853 1.510 1.685
64 0.183 0.683 0.722 0.718 0.514 0.620
