data_index Exp_RT.observed Exp_RT.predicted.repeat1 Exp_RT.predicted.repeat2 Exp_RT.predicted.repeat3 Exp_RT.predicted.repeat4 Exp_RT.predicted.repeat5
1 148.000 147.738 156.037 149.803 127.473 168.328
2 132.600 164.098 169.459 153.777 148.726 155.739
3 76.000 84.468 94.749 101.512 107.873 95.377
4 220.200 243.488 215.053 200.920 222.869 279.892
5 132.200 127.270 103.211 108.875 100.777 125.316
6 381.000 351.594 342.379 290.869 369.652 336.058
7 504.400 393.414 397.892 463.116 418.378 440.256
8 161.000 174.236 172.167 165.491 166.158 166.511
9 97.800 133.266 130.747 123.104 116.348 110.899
10 105.600 122.018 119.008 115.504 107.288 117.036
11 61.800 95.054 94.076 92.986 82.964 97.201
12 133.400 199.034 206.748 228.243 255.373 238.054
13 104.800 118.603 128.227 123.728 115.657 117.861
14 238.200 406.135 355.981 219.647 410.325 435.279
15 262.000 346.632 348.439 480.491 303.519 444.363
16 107.600 145.532 122.549 112.807 146.309 133.928
17 130.400 147.912 145.442 157.521 154.348 148.258
18 131.800 147.942 156.264 152.825 160.966 151.190
19 66.200 97.819 92.875 90.735 94.423 92.617
20 179.400 234.021 236.826 235.875 236.676 275.017
21 130.400 134.787 134.807 126.771 137.415 140.321
22 300.000 365.276 326.162 387.602 378.554 379.067
23 371.800 437.018 385.872 372.092 449.842 323.038
24 168.800 165.068 158.689 164.784 151.518 166.098
25 201.600 175.802 243.768 198.427 212.012 200.452
26 240.600 232.576 232.309 217.016 268.066 188.010
27 103.000 210.018 197.314 202.978 214.847 243.682
28 315.600 306.108 278.432 353.967 350.680 419.363
29 228.200 191.102 231.518 186.170 220.430 277.922
30 654.400 267.290 268.480 254.187 302.444 283.809
31 719.800 403.554 385.570 373.102 382.420 414.866
32 260.400 177.614 224.662 205.456 224.965 274.924
33 149.200 146.206 152.920 164.253 150.146 149.933
34 150.600 153.493 162.061 144.299 156.090 154.482
35 78.800 103.511 91.859 100.254 105.264 82.829
36 221.200 223.576 211.394 218.615 273.338 293.782
37 149.400 131.043 138.170 136.685 135.027 134.444
38 404.800 383.700 338.327 341.248 372.716 377.474
39 503.200 436.252 395.680 380.292 387.720 379.987
40 185.600 169.404 169.679 157.351 154.635 164.898
41 81.600 88.568 96.931 97.457 96.724 89.846
42 77.000 94.242 98.466 90.736 97.223 120.431
43 56.400 86.029 71.158 81.169 73.445 75.132
44 102.800 147.367 131.346 146.039 154.352 145.004
45 98.000 99.578 101.482 105.683 89.569 98.999
46 158.600 318.786 233.328 310.316 246.191 281.666
47 179.200 306.044 338.057 368.426 329.850 334.632
48 80.600 102.038 89.741 88.291 86.227 90.621
49 174.800 189.181 164.465 160.628 169.540 170.057
50 180.800 170.681 165.943 159.009 168.514 162.501
51 88.000 105.795 96.841 87.053 121.676 100.955
52 224.400 259.996 243.865 228.528 275.098 229.321
53 168.600 139.991 142.016 130.763 145.133 163.426
54 488.600 316.917 360.521 300.347 327.532 328.932
55 534.000 390.972 394.692 420.584 407.334 331.989
56 182.400 193.397 189.135 169.950 194.243 186.865
57 88.000 107.542 111.950 115.917 105.058 104.522
58 86.600 108.836 107.092 117.773 127.503 132.277
59 59.600 86.296 75.352 82.433 73.932 69.770
60 107.800 156.743 146.866 148.240 157.404 152.011
61 110.200 115.451 105.560 121.195 102.788 114.440
62 183.800 381.834 307.942 320.862 266.198 269.541
63 193.200 348.703 329.153 338.154 321.982 352.750
64 87.600 112.218 124.194 110.323 111.393 109.322
