data_index Exp_RT.observed Exp_RT.predicted.repeat1 Exp_RT.predicted.repeat2 Exp_RT.predicted.repeat3 Exp_RT.predicted.repeat4 Exp_RT.predicted.repeat5
1 148.000 143.136 162.427 150.039 154.586 172.740
2 132.600 162.935 151.625 151.581 153.066 157.294
3 76.000 83.864 90.732 92.038 81.696 85.743
4 220.200 199.324 188.968 206.285 208.859 194.108
5 132.200 143.905 140.532 134.255 143.880 142.146
6 381.000 376.199 384.823 355.107 365.887 358.288
7 504.400 433.515 423.639 393.544 426.586 381.617
8 161.000 162.768 161.847 160.465 173.026 163.057
9 97.800 82.100 89.050 82.384 88.876 98.006
10 105.600 89.214 100.315 101.581 94.221 95.309
11 61.800 74.156 80.024 83.692 73.844 74.168
12 133.400 136.440 131.559 148.081 134.265 131.227
13 104.800 94.653 104.786 95.622 102.552 90.538
14 238.200 264.934 266.794 264.219 257.945 257.370
15 262.000 284.444 306.946 289.465 304.805 313.657
16 107.600 105.940 114.374 118.496 117.629 121.475
17 130.400 108.564 111.605 137.470 126.367 110.363
18 131.800 142.508 142.916 139.365 124.262 128.713
19 66.200 69.859 72.083 79.652 71.157 72.381
20 179.400 202.741 197.226 197.708 197.397 193.755
21 130.400 113.678 106.242 117.058 105.249 113.688
22 300.000 323.663 331.530 348.259 332.191 324.769
23 371.800 482.687 446.010 442.654 442.592 453.489
24 168.800 144.215 154.785 149.715 147.124 150.099
25 201.600 184.744 193.216 114.858 192.951 183.923
26 240.600 222.366 235.312 249.602 258.538 256.350
27 103.000 40.380 61.128 31.447 70.871 56.732
28 315.600 335.461 320.134 396.425 369.501 360.665
29 228.200 262.822 260.309 252.966 276.156 258.162
30 654.400 605.085 579.270 529.938 532.211 577.511
31 719.800 704.541 799.825 725.834 728.985 622.527
32 260.400 295.818 270.214 264.793 291.230 279.746
33 149.200 171.927 152.434 170.770 175.784 169.477
34 150.600 185.442 152.205 158.761 158.653 176.235
35 78.800 76.169 77.618 78.158 78.076 79.694
36 221.200 204.238 196.806 207.211 218.603 212.858
37 149.400 158.581 128.227 147.309 133.271 145.918
38 404.800 406.918 372.321 393.622 422.309 402.862
39 503.200 544.589 450.903 415.325 443.044 415.939
40 185.600 176.339 172.398 173.696 179.062 184.760
41 81.600 69.147 80.835 76.577 66.791 75.942
42 77.000 85.731 82.672 83.529 83.315 80.455
43 56.400 76.890 76.986 70.812 76.313 76.457
44 102.800 104.723 110.249 109.585 113.168 102.397
45 98.000 77.811 81.180 81.519 80.465 81.101
46 158.600 151.564 202.471 166.079 178.364 174.197
47 179.200 148.921 162.273 161.337 145.947 138.324
48 80.600 78.701 80.735 78.503 79.582 78.065
49 174.800 128.520 188.533 185.204 139.488 181.437
50 180.800 104.803 120.877 117.472 108.468 117.940
