data_index Exp_LnRF.observed Exp_LnRF.predicted.repeat1 Exp_LnRF.predicted.repeat2 Exp_LnRF.predicted.repeat3 Exp_LnRF.predicted.repeat4 Exp_LnRF.predicted.repeat5
1 1.000 0.993 0.895 0.932 0.976 0.939
2 0.847 1.166 1.052 0.985 0.946 1.056
3 -0.095 -0.163 -0.175 -0.108 -0.164 -0.056
4 1.511 1.417 1.532 1.526 1.396 1.479
5 0.842 0.794 0.817 0.823 0.948 0.788
6 2.149 2.118 2.001 2.025 2.024 2.010
7 2.457 2.248 2.280 2.225 2.302 2.330
8 1.114 1.198 1.198 1.356 1.323 1.304
9 0.377 0.337 0.296 0.426 0.332 0.403
10 0.503 0.460 0.609 0.168 0.495 0.473
11 -0.593 -0.405 -0.640 -0.671 -0.639 -0.566
12 0.855 0.824 0.877 0.722 0.853 0.874
13 0.491 0.685 0.585 0.349 0.410 0.489
14 1.606 1.522 1.487 1.572 1.570 1.571
15 1.720 1.666 1.648 1.751 1.612 1.620
16 0.533 0.623 0.839 0.650 0.607 0.591
17 0.823 0.805 0.819 0.830 0.762 0.882
18 0.838 0.805 0.742 0.810 0.848 0.755
19 -0.411 -0.044 -0.068 0.060 -0.066 -0.155
20 1.255 1.530 1.370 1.381 1.342 1.459
21 0.823 0.770 0.699 0.766 0.754 0.768
22 1.878 2.012 1.992 1.878 1.761 1.968
23 2.121 2.045 2.026 2.105 2.016 2.220
24 1.176 0.944 0.923 0.961 1.061 0.995
25 1.402 1.470 1.497 1.621 1.647 1.570
26 1.618 1.530 1.495 1.227 1.507 1.573
27 0.462 0.552 0.488 0.608 0.469 0.713
28 1.936 1.832 1.851 1.769 1.901 1.868
29 1.555 1.770 1.655 1.429 1.593 1.767
30 2.737 2.052 2.213 2.195 2.168 2.347
31 2.838 3.014 2.763 2.787 2.972 2.947
32 1.712 1.629 1.628 1.539 1.663 1.685
33 1.011 1.012 1.055 1.075 1.098 0.989
34 1.024 1.280 1.128 1.175 1.190 1.049
35 -0.020 -0.062 -0.091 0.204 0.078 -0.103
36 1.517 1.537 1.472 1.665 1.484 1.704
37 1.013 1.167 1.145 1.091 1.126 1.149
38 2.216 2.141 2.174 2.221 2.144 2.132
39 2.455 2.312 2.210 2.310 2.300 2.268
40 1.298 1.282 1.117 1.275 1.246 1.188
41 0.049 -0.038 0.131 0.041 0.009 0.034
42 -0.068 0.303 0.005 0.201 0.210 -0.028
43 -0.874 -0.677 -0.647 -0.630 -0.632 -0.624
44 0.459 0.383 0.358 0.473 0.475 0.514
45 0.380 0.224 0.119 0.379 0.326 0.130
46 1.094 1.121 0.981 1.168 1.190 1.242
47 1.253 1.286 1.177 1.235 1.029 1.097
48 0.025 0.049 0.019 0.132 0.087 0.033
49 1.221 1.171 1.125 1.180 1.147 1.166
50 1.265 1.074 1.113 1.133 1.071 1.113
51 0.191 0.161 0.095 0.348 0.167 0.174
52 1.534 1.617 1.607 1.561 1.688 1.630
53 1.174 1.224 1.241 1.136 1.218 1.344
54 2.423 2.263 2.201 2.235 2.221 2.223
55 2.519 2.460 2.473 2.512 2.542 2.522
56 1.276 1.351 1.391 1.355 1.458 1.432
57 0.191 0.164 0.140 0.054 0.067 0.119
58 0.162 0.511 0.233 0.406 0.424 0.205
59 -0.698 -0.881 -0.910 -0.841 -0.825 -0.939
60 0.536 0.520 0.580 0.573 0.356 0.394
61 0.570 0.571 0.542 0.606 0.516 0.341
62 1.286 1.446 1.456 1.291 1.200 1.426
63 1.349 1.473 1.640 1.535 1.424 1.371
64 0.183 0.310 0.265 0.350 0.160 0.240
