data_index Exp_LnRF.observed Exp_LnRF.predicted.repeat1 Exp_LnRF.predicted.repeat2 Exp_LnRF.predicted.repeat3 Exp_LnRF.predicted.repeat4 Exp_LnRF.predicted.repeat5
1 1.000 0.790 0.803 0.926 0.918 0.890
2 0.847 1.066 1.071 1.086 1.160 1.085
3 -0.095 -0.168 -0.068 -0.047 -0.149 -0.053
4 1.511 1.414 1.449 1.351 1.246 1.344
5 0.842 1.092 1.083 1.072 1.133 0.935
6 2.149 1.777 2.221 1.870 1.850 1.796
7 2.457 2.200 2.265 2.230 2.165 2.213
8 1.114 1.181 1.098 1.107 1.079 1.103
9 0.377 0.542 0.468 0.713 0.607 0.603
10 0.503 0.281 0.360 0.227 0.382 0.429
11 -0.593 -0.420 -0.545 -0.544 -0.539 -0.524
12 0.855 0.791 0.764 0.679 0.783 0.738
13 0.491 0.876 0.679 0.632 0.896 0.730
14 1.606 1.577 1.977 1.599 1.817 1.431
15 1.720 2.040 1.888 1.887 2.045 1.911
16 0.533 0.549 0.549 0.694 0.661 0.641
17 0.823 0.964 0.996 1.121 0.908 0.941
18 0.838 1.002 0.867 0.847 0.836 0.706
19 -0.411 -0.137 -0.079 -0.177 -0.084 -0.096
20 1.255 1.376 1.375 1.273 1.368 1.274
21 0.823 0.805 0.848 0.915 0.877 0.957
22 1.878 1.756 1.704 1.674 1.590 1.647
23 2.121 2.083 2.192 2.237 2.128 2.224
24 1.176 0.890 0.870 0.900 0.853 0.937
25 1.402 1.517 1.494 1.565 1.480 1.412
26 1.618 1.653 1.488 1.411 1.681 1.461
27 0.462 0.757 0.612 0.785 0.785 0.785
28 1.936 1.976 1.978 2.018 1.968 1.968
29 1.555 1.582 1.654 1.464 1.635 1.600
30 2.737 2.129 2.086 1.999 2.086 1.985
31 2.838 2.574 2.506 2.491 2.484 2.536
32 1.712 1.584 1.620 1.491 1.643 1.679
33 1.011 1.029 1.084 1.147 1.082 1.095
34 1.024 1.138 1.252 1.179 1.169 1.167
35 -0.020 -0.102 -0.081 -0.073 -0.009 0.082
36 1.517 1.415 1.360 1.293 1.507 1.402
37 1.013 1.159 1.161 1.153 1.184 1.098
38 2.216 2.250 2.178 2.198 2.167 2.239
39 2.455 2.303 2.278 2.203 2.222 2.246
40 1.298 1.157 1.094 1.242 1.127 1.223
41 0.049 0.051 -0.033 0.125 0.096 -0.072
42 -0.068 -0.055 -0.062 -0.072 -0.120 -0.108
43 -0.874 -0.764 -0.829 -0.735 -0.666 -0.835
44 0.459 0.278 0.358 0.403 0.440 0.427
45 0.380 0.232 0.133 0.133 0.121 0.208
46 1.094 1.395 1.797 1.463 1.526 1.381
47 1.253 1.227 1.353 1.144 1.286 1.284
48 0.025 0.117 0.008 0.158 0.007 0.122
49 1.221 1.210 1.174 1.195 1.232 1.173
50 1.265 1.121 1.105 1.073 1.079 1.137
51 0.191 0.175 0.082 0.190 0.142 0.109
52 1.534 1.707 1.675 1.566 1.710 1.690
53 1.174 1.324 1.240 1.372 1.393 1.208
54 2.423 1.934 1.961 1.969 1.914 1.967
55 2.519 2.596 2.487 2.559 2.578 2.572
56 1.276 1.218 1.333 1.421 1.226 1.335
57 0.191 0.276 0.291 0.444 0.387 0.274
58 0.162 0.057 0.114 0.072 0.123 0.019
59 -0.698 -0.794 -0.886 -0.759 -0.840 -0.836
60 0.536 0.597 0.665 0.504 0.632 0.579
61 0.570 0.362 0.413 0.363 0.402 0.351
62 1.286 1.514 1.741 1.404 1.502 1.489
63 1.349 1.536 1.551 1.477 1.530 1.552
64 0.183 0.357 0.333 0.461 0.290 0.319
