data_index Exp_LnRF.observed Exp_LnRF.predicted.repeat1 Exp_LnRF.predicted.repeat2 Exp_LnRF.predicted.repeat3 Exp_LnRF.predicted.repeat4 Exp_LnRF.predicted.repeat5
1 1.000 1.139 1.151 1.097 1.116 1.145
2 0.847 0.792 1.009 0.921 0.905 1.044
3 -0.095 0.084 -0.195 -0.169 -0.044 -0.202
4 1.511 1.304 1.333 1.420 1.222 1.247
5 0.842 0.986 1.049 0.956 0.914 1.020
6 2.149 2.213 2.222 2.156 2.217 1.819
7 2.457 2.077 2.041 2.187 2.186 1.954
8 1.114 1.293 1.176 1.376 1.297 1.179
9 0.377 1.055 1.124 0.930 0.723 1.030
10 0.503 0.847 0.591 0.599 0.634 0.965
11 -0.593 0.073 -0.012 0.040 0.077 -0.117
12 0.855 1.552 1.342 1.462 1.296 0.950
13 0.491 0.768 0.937 0.594 0.874 0.690
14 1.606 2.025 2.026 1.557 1.973 1.975
15 1.720 2.096 1.859 1.791 2.084 2.063
16 0.533 0.919 0.719 0.844 0.998 0.829
17 0.823 0.785 1.010 0.957 0.946 0.914
18 0.838 0.921 0.869 0.767 0.893 0.904
19 -0.411 0.084 0.199 0.173 0.013 0.117
20 1.255 0.962 1.520 1.047 1.043 1.460
21 0.823 0.759 0.797 0.804 0.618 0.871
22 1.878 1.915 1.938 1.834 2.020 1.828
23 2.121 2.051 2.019 2.106 2.005 2.033
24 1.176 0.553 0.832 0.667 0.614 0.918
25 1.402 1.698 1.691 1.708 1.530 1.564
26 1.618 1.485 1.351 1.698 1.372 1.608
27 0.462 1.095 0.456 0.725 0.661 0.586
28 1.936 1.623 1.450 1.565 1.503 1.684
29 1.555 1.084 1.268 1.172 1.219 1.222
30 2.737 1.959 1.790 1.932 2.032 2.168
31 2.838 2.285 1.973 2.068 2.116 2.120
32 1.712 1.795 1.640 1.571 1.452 1.564
33 1.011 1.169 1.178 1.169 1.039 1.152
34 1.024 0.955 1.020 0.960 0.936 0.945
35 -0.020 -0.140 -0.067 -0.001 -0.144 -0.109
36 1.517 1.346 1.416 1.492 1.355 1.448
37 1.013 1.125 1.157 1.045 0.963 1.126
38 2.216 1.951 2.062 1.993 1.999 1.950
39 2.455 2.161 1.997 2.034 2.124 2.146
40 1.298 1.130 1.034 1.162 1.157 1.169
41 0.049 0.137 -0.020 -0.092 -0.069 0.056
42 -0.068 0.058 0.119 0.066 0.019 -0.005
43 -0.874 -0.276 -0.247 -0.257 -0.226 -0.289
44 0.459 0.231 0.120 0.415 0.122 0.144
45 0.380 0.460 0.452 0.534 0.412 0.539
46 1.094 0.910 0.805 0.790 1.016 0.952
47 1.253 1.199 1.336 1.153 1.301 0.993
48 0.025 0.203 0.141 0.113 -0.000 0.109
49 1.221 1.165 1.141 1.157 1.239 1.183
50 1.265 1.027 1.070 1.035 1.115 0.971
51 0.191 0.607 0.273 0.371 0.780 0.559
52 1.534 1.396 1.220 1.383 1.361 1.304
53 1.174 0.865 1.052 0.985 0.869 0.824
54 2.423 1.943 1.797 1.862 1.971 1.745
55 2.519 2.333 2.227 2.032 2.142 2.016
56 1.276 1.064 0.816 0.803 1.161 1.194
57 0.191 0.151 0.280 0.138 0.260 0.313
58 0.162 0.283 0.199 0.174 0.120 0.283
59 -0.698 0.081 -0.037 -0.051 -0.012 0.103
60 0.536 0.540 0.617 0.631 0.543 0.540
61 0.570 0.520 0.465 0.416 0.387 0.684
62 1.286 1.131 1.080 1.061 1.197 1.150
63 1.349 1.302 1.396 1.342 1.517 1.483
64 0.183 0.398 0.358 0.210 0.396 0.234
